day	time	vol	price	buysell	ask	bid
1	35435.59	15	10.32	1	10.37	10.3
1	35659.11	48	10.36	1	10.36	10.3
1	35732.07	100	10.34	-1	10.35	10.34
1	35732.4	200	10.34	-1	10.37	10.34
1	35746.13	8	10.34	-1	10.37	10.34
1	36604.09	92	10.34	-1	10.37	10.22
1	36940	9	10.32	-1	10.33	10.3
1	36940	91	10.3	-1	10.33	10.3
1	36940.31	9	10.3	-1	10.32	10.28
1	37276.22	100	10.27	-1	10.33	10.27
1	37278.06	200	10.27	1	10.27	10.26
1	39001.19	10	10.23	-1	10.25	10.19
1	39001.54	2	10.23	-1	10.25	10.19
1	39001.94	10	10.19	-1	10.25	10.19
1	40846.25	100	10.13	1	10.13	10.11
1	41462.05	100	10.13	-1	10.18	10.13
1	41462.36	31	10.1	-1	10.16	10.1
1	43290.5	10	10.04	-1	10.09	10.04
1	43527.42	100	10.01	-1	10.05	10.01
1	43643.2	100	10.02	1	10.02	9.98
1	43834.55	100	10.02	-1	10.06	10.02
1	43862.32	7	10.03	1	10.03	9.97
1	43862.32	93	10.03	1	10.03	9.97
1	43971.47	7	10.03	1	10.21	10.06
1	43971.54	93	10.05	-1	10.11	10.01
1	44004.66	100	10.01	-1	10.04	9.99
1	44317.17	10	10	-1	10.06	10
1	44317.19	12	10	-1	10.06	10
1	44317.34	10	10	-1	10.05	10
1	44317.46	10	10	-1	10.05	10
1	44319.82	100	10	-1	10.03	9.97
1	44445.93	100	9.97	-1	10.01	9.95
1	44919.23	73	10	1	10	9.95
1	45681.87	200	9.99	-1	10.04	9.99
1	45728.66	100	9.98	-1	10.02	9.96
1	45807.15	100	9.96	-1	10	9.97
1	45826.65	100	9.96	-1	10	9.96
1	46530.16	100	9.95	-1	9.98	9.95
1	46530.17	100	9.95	-1	9.98	9.95
1	46530.18	100	9.95	-1	9.98	9.95
1	46823.51	100	9.97	1	9.97	9.95
1	46823.51	200	9.97	1	9.97	9.95
1	46823.57	7	9.97	1	9.97	9.95
1	46924.75	100	9.99	1	10.01	9.98
1	46924.75	100	9.99	1	10.01	9.98
1	47134.1	400	10.01	-1	10.03	9.98
1	47768.09	100	9.98	-1	10.01	9.98
1	48228.87	100	9.97	-1	9.99	9.97
1	48228.87	200	9.97	-1	9.99	9.97
1	48358.69	40	9.97	-1	9.97	9.94
1	48472.47	14	9.96	-1	9.97	9.92
1	48474.21	200	9.94	1	9.94	9.92
1	48581.16	11	9.93	-1	9.98	9.93
1	50528.29	100	9.95	-1	9.97	9.95
1	50530.95	100	9.95	-1	9.97	9.95
1	50735.39	100	9.94	-1	9.96	9.94
1	50762.98	100	9.94	-1	9.96	9.94
1	50762.98	100	9.94	-1	9.96	9.94
1	50921.83	100	9.92	-1	9.93	9.92
1	50921.83	100	9.92	-1	9.93	9.92
1	50921.84	100	9.92	-1	9.93	9.92
1	50921.84	100	9.92	-1	9.93	9.92
1	51717.45	100	9.92	-1	9.94	9.92
1	51717.45	100	9.92	-1	9.94	9.92
1	51773.25	100	9.91	-1	9.94	9.91
1	51773.25	100	9.91	-1	9.94	9.91
1	51773.35	100	9.94	1	9.94	9.9
1	51773.35	36	9.94	1	9.94	9.9
1	51773.35	64	9.94	1	9.94	9.9
1	51915.34	100	9.92	-1	9.95	9.92
1	51975.71	100	9.91	-1	9.94	9.91
1	52198.21	100	9.91	-1	9.94	9.91
1	52216.38	100	9.89	-1	9.91	9.89
1	52612.08	1	9.94	1	9.95	9.94
1	52847.85	91	9.94	-1	9.96	9.94
1	52847.85	9	9.94	-1	9.96	9.94
1	52911.8	4	9.94	1	9.94	9.93
1	52918.66	100	9.93	-1	9.94	9.9
1	53246.16	100	9.9	-1	9.91	9.9
1	53357.73	100	9.89	-1	9.91	9.89
1	54075.34	100	9.89	-1	9.91	9.88
1	54580.67	100	9.89	1	9.89	9.88
1	54580.77	100	9.89	1	9.9	9.88
1	54580.95	100	9.91	1	9.91	9.88
1	54581.02	100	9.92	1	9.92	9.88
1	54581.08	100	9.92	1	9.92	9.88
1	54581.15	100	9.92	1	9.92	9.88
1	54581.2	100	9.92	1	9.92	9.88
1	54581.27	100	9.93	1	9.94	9.89
1	54581.34	75	9.93	1	9.94	9.89
1	54581.35	25	9.94	1	9.94	9.89
1	54581.43	100	9.94	1	9.94	9.89
1	54581.49	50	9.94	1	9.94	9.89
1	54581.49	50	9.94	1	9.94	9.89
1	54581.59	100	9.94	1	9.97	9.89
1	54581.67	25	9.94	1	9.97	9.89
1	54581.75	100	9.98	1	9.97	9.89
1	54582.15	100	10	-1	10.03	10
1	54582.26	100	10	-1	10.04	9.9
1	54589.02	100	10	-1	10.04	9.92
1	54600.12	100	10	-1	10.01	9.93
1	54604.21	100	10	-1	10.01	10
1	54620.05	100	10	-1	10.02	9.96
1	54874.81	100	9.95	-1	9.96	9.95
1	54874.84	100	9.96	1	9.96	9.95
1	55234.14	100	9.93	-1	9.94	9.93
1	55234.14	100	9.93	-1	9.94	9.93
1	55238.21	100	9.93	-1	9.94	9.93
1	55520.55	100	9.89	-1	9.91	9.89
1	55660.59	100	9.91	1	9.91	9.88
1	55660.59	56	9.91	1	9.91	9.88
1	55660.59	85	9.91	1	9.91	9.88
1	55660.73	100	9.93	1	9.95	9.87
1	56455.82	100	9.91	-1	9.92	9.91
1	56543.92	65	9.89	1	9.94	9.87
1	56615.52	10	9.87	-1	9.92	9.87
1	56754.2	100	9.87	-1	9.89	9.87
1	56946.23	100	9.85	-1	9.86	9.85
1	56946.23	300	9.85	-1	9.86	9.85
1	56947.35	100	9.85	-1	9.86	9.85
1	56947.35	200	9.85	-1	9.86	9.85
1	56947.36	100	9.85	-1	9.86	9.85
1	56950.71	100	9.85	-1	9.86	9.85
1	56950.71	100	9.85	-1	9.86	9.85
1	56969.49	100	9.85	1	9.86	9.85
1	56969.49	100	9.85	1	9.86	9.85
1	56977.46	100	9.85	1	9.86	9.85
1	57000.41	100	9.85	-1	9.87	9.85
1	57000.59	100	9.82	-1	9.86	9.81
1	57000.59	100	9.82	-1	9.86	9.81
1	57012.94	91	9.88	1	9.9	9.78
1	57013.09	42	9.89	1	9.9	9.79
1	57013.1	47	9.89	-1	9.9	9.79
1	57013.16	55	9.89	-1	9.9	9.81
1	57015.16	27	9.89	-1	9.92	9.87
1	57015.16	298	9.89	-1	9.92	9.87
1	57022.21	100	9.9	1	9.91	9.86
1	57022.21	300	9.9	1	9.91	9.86
1	57033.04	31	9.9	1	9.91	9.87
1	57053.68	45	9.86	1	9.87	9.83
1	57093.68	200	9.84	-1	9.85	9.84
1	57093.76	100	9.84	1	9.85	9.83
1	57100.9	100	9.82	-1	9.84	9.82
1	57176.18	100	9.81	-1	9.83	9.81
1	57240.06	100	9.8	-1	9.83	9.8
1	57267.32	100	9.83	1	9.83	9.79
1	57267.32	100	9.83	1	9.83	9.79
1	57285.8	73	9.83	1	9.83	9.8
1	57373.3	100	9.8	-1	9.82	9.79
1	57374	100	9.79	-1	9.82	9.79
1	57395.33	100	9.8	1	9.8	9.78
1	57396.38	100	9.78	-1	9.8	9.77
1	57408.59	200	9.8	1	9.8	9.77
1	57430.04	79	9.77	-1	9.8	9.77
1	57430.92	100	9.8	1	9.8	9.78
1	57433.42	215	9.78	-1	9.8	9.78
1	57456.18	100	9.81	1	9.81	9.79
1	57456.38	100	9.81	1	9.84	9.8
1	57470.23	100	9.81	-1	9.84	9.81
1	57481.83	100	9.81	-1	9.84	9.81
1	57482.54	100	9.81	-1	9.84	9.81
1	57483.16	100	9.81	-1	9.84	9.81
1	57483.76	100	9.8	-1	9.83	9.79
1	57484.07	100	9.79	-1	9.83	9.79
1	57494.11	27	9.78	-1	9.82	9.78
1	57494.41	73	9.78	-1	9.82	9.77
1	57494.41	9	9.77	-1	9.82	9.77
1	57505.07	109	9.82	1	9.82	9.78
1	57509.84	15	9.78	-1	9.83	9.78
1	57515.26	9	9.82	1	9.82	9.79
1	57520.32	57	9.8	-1	9.83	9.8
1	57530.32	37	9.81	-1	9.83	9.8
1	57530.32	63	9.8	-1	9.83	9.8
1	57537.24	100	9.82	-1	9.83	9.81
1	57540.03	100	9.83	1	9.83	9.83
1	57540.03	100	9.83	1	9.83	9.83
1	57540.03	100	9.83	1	9.83	9.83
1	57540.03	100	9.83	1	9.83	9.83
1	57545.43	100	9.82	-1	9.84	9.81
1	57549.26	100	9.82	-1	9.84	9.81
1	57555.51	100	9.82	-1	9.84	9.81
1	57561.55	100	9.82	-1	9.84	9.81
1	57565.43	35	9.81	-1	9.84	9.81
1	57565.43	65	9.82	-1	9.84	9.81
1	57571.44	100	9.81	-1	9.84	9.81
1	57575.26	100	9.82	-1	9.84	9.82
1	57581.45	100	9.82	-1	9.84	9.82
1	57581.45	100	9.82	-1	9.84	9.82
1	57581.45	200	9.82	-1	9.84	9.82
1	57582.99	100	9.82	-1	9.84	9.81
1	57583.07	100	9.81	-1	9.84	9.8
1	57592.29	400	9.83	1	9.84	9.81
1	57593.32	100	9.84	1	9.84	9.81
1	57596.02	100	9.82	-1	9.84	9.81
2	34339.09	1	9.83	-1	10.01	9.81
2	35031.03	100	9.91	-1	9.95	9.91
2	35091.04	1	9.94	1	9.95	9.9
2	35091.04	99	9.95	1	9.95	9.9
2	35153.09	1	9.95	1	9.95	9.9
2	35153.09	25	9.95	1	9.95	9.9
2	35420.58	14	9.96	-1	10.02	9.92
2	35420.58	78	9.93	-1	10.02	9.92
2	35420.58	8	9.94	-1	10.02	9.92
2	35816.69	300	9.93	-1	9.93	9.92
2	35816.69	45	9.93	-1	9.93	9.92
2	35816.7	155	9.93	1	9.99	9.92
2	36582.18	1	9.97	1	9.97	9.93
2	38076.87	100	9.93	1	9.93	9.91
2	38980.97	100	9.95	1	9.95	9.92
2	38980.97	100	9.95	1	9.95	9.92
2	38980.97	67	9.95	1	9.95	9.92
2	38980.98	100	9.96	1	10	9.93
2	38981.19	97	10	1	10	9.94
2	39089.82	100	9.98	1	9.98	9.93
2	39164.76	100	9.99	1	10.02	9.9
2	39590.67	100	9.97	1	9.97	9.9
2	39592.76	100	9.97	1	9.97	9.92
2	39594.72	100	9.97	1	9.97	9.93
2	39596.77	100	9.97	1	9.97	9.94
2	39677.22	250	9.97	1	9.99	9.95
2	39677.29	100	9.99	1	9.99	9.95
2	39864.88	18	10.03	1	10.03	9.99
2	39999.17	100	10.02	-1	10.07	10.01
2	40319.2	100	9.965	1	9.99	9.94
2	40321.35	100	9.965	1	9.99	9.94
2	40323.26	100	9.965	1	9.98	9.95
2	40325.25	100	9.955	1	9.98	9.93
2	40327.25	100	9.96	1	9.98	9.94
2	41679.84	8	9.91	-1	9.91	9.9
2	43284.33	100	9.88	1	9.9	9.86
2	44327.39	200	9.9	-1	9.94	9.88
2	44327.39	800	9.9	-1	9.94	9.88
2	46102.9	200	9.9	1	9.91	9.87
2	46887.59	100	9.91	1	9.91	9.88
2	46887.59	100	9.91	1	9.91	9.88
2	48232.41	88	9.92	1	9.92	9.9
2	50951.5	100	9.93	1	9.93	9.88
2	50951.5	100	9.93	1	9.93	9.88
2	50951.5	215	9.93	1	9.93	9.88
2	50951.5	225	9.93	1	9.93	9.88
2	50951.5	83	9.93	1	9.93	9.88
2	50951.77	98	9.94	1	9.94	9.89
2	52579.09	100	9.94	1	9.94	9.93
2	53945.13	100	9.91	-1	9.95	9.91
2	54072.8	100	9.95	1	9.95	9.91
2	55162.74	100	9.97	-1	9.99	9.95
2	56448.17	100	9.96	1	10.01	9.96
2	57109.29	100	9.93	-1	9.96	9.95
2	57109.6	100	9.93	-1	9.96	9.95
2	57158.94	200	9.95	1	9.95	9.94
2	57158.94	48	9.95	1	9.95	9.94
2	57240.37	100	9.95	-1	9.96	9.94
2	57330.9	100	9.93	-1	9.94	9.93
2	57340.17	100	9.95	1	9.95	9.94
2	57340.17	4	9.95	1	9.95	9.94
2	57598.02	100	9.95	-1	9.97	9.95
3	34377.2	17	9.97	-1	9.97	9.8
3	34665.05	1	9.98	1	9.99	9.81
3	34970.57	100	9.84	1	9.95	9.77
3	36419.01	91	9.81	-1	9.83	9.8
3	36419.01	9	9.8	-1	9.83	9.8
3	36452.97	91	9.8	-1	9.83	9.76
3	36452.97	9	9.8	-1	9.83	9.76
3	36452.98	91	9.8	-1	9.83	9.8
3	36452.98	9	9.8	-1	9.83	9.8
3	36457.15	1	9.83	1	9.83	9.8
3	36496.08	91	9.8	-1	9.82	9.8
3	36496.08	9	9.8	-1	9.82	9.8
3	36496.11	91	9.8	-1	9.82	9.76
3	37277.38	100	9.75	-1	9.76	9.75
3	37277.45	400	9.76	1	9.78	9.75
3	37396.71	100	9.78	1	9.78	9.75
3	37396.71	200	9.78	1	9.78	9.75
3	37418.95	300	9.76	-1	9.78	9.75
3	37443.4	400	9.78	1	9.79	9.75
3	37460.73	105	9.78	-1	9.82	9.76
3	37959.16	1884	9.9	1	9.93	9.87
3	38171.1	3	9.93	1	9.93	9.85
3	38778.55	1	9.89	-1	9.94	9.88
3	38778.55	89	9.88	-1	9.94	9.88
3	39186.8	10	9.83	-1	9.89	9.82
3	39762.17	10	9.83	1	9.88	9.82
3	39929.88	100	9.82	-1	9.89	9.82
3	40024.47	100	9.82	-1	9.86	9.82
3	40025.49	100	9.82	-1	9.85	9.79
3	40033.27	100	9.82	-1	9.85	9.79
3	41183.29	100	9.78	-1	9.81	9.77
3	41210.39	100	9.78	-1	9.8	9.78
3	41210.4	100	9.78	-1	9.8	9.75
3	41667.85	100	9.76	-1	9.8	9.76
3	41933.22	200	9.75	-1	9.77	9.75
3	41933.88	200	9.75	-1	9.77	9.72
3	41933.88	200	9.75	-1	9.77	9.72
3	41933.88	300	9.75	-1	9.77	9.72
3	41933.89	103	9.75	-1	9.77	9.72
3	42008.99	100	9.7	-1	9.73	9.67
3	42862.13	100	9.7	-1	9.73	9.7
3	42887.11	100	9.7	-1	9.73	9.7
3	43119.27	100	9.7	-1	9.72	9.68
3	44106.58	100	9.68	1	9.68	9.67
3	44107.16	100	9.68	1	9.69	9.67
3	44870.55	100	9.69	1	9.71	9.67
3	45359.25	100	9.68	-1	9.71	9.68
3	45359.84	100	9.67	-1	9.7	9.67
3	45449.84	89	9.67	-1	9.7	9.67
3	46045.23	100	9.68	-1	9.71	9.67
3	46365.83	100	9.68	-1	9.71	9.68
3	46614.36	10	9.68	-1	9.72	9.67
3	46980.03	82	9.7	1	9.7	9.67
3	47167.23	18	9.7	1	9.7	9.68
3	47167.23	82	9.7	1	9.7	9.68
3	47209.91	1	9.7	1	9.73	9.69
3	47498.63	100	9.69	-1	9.7	9.69
3	47498.64	100	9.69	-1	9.7	9.68
3	47498.68	100	9.69	-1	9.7	9.68
3	48313.18	100	9.69	-1	9.7	9.69
3	48328.19	1	9.68	-1	9.69	9.68
3	48328.19	99	9.68	-1	9.69	9.68
3	48332.96	1	9.68	-1	9.69	9.68
3	48332.96	99	9.68	-1	9.69	9.68
3	48332.97	100	9.68	-1	9.69	9.68
3	48332.97	1	9.68	-1	9.69	9.68
3	48332.97	99	9.68	-1	9.69	9.68
3	50366.16	1	9.68	-1	9.7	9.68
3	50366.16	99	9.68	-1	9.7	9.68
3	50477.43	1	9.68	-1	9.68	9.67
3	50650.02	100	9.67	-1	9.68	9.67
3	50663.56	900	9.67	-1	9.68	9.66
3	50680.68	100	9.64	-1	9.68	9.64
3	51138.43	100	9.62	-1	9.65	9.62
3	51138.43	100	9.62	-1	9.65	9.62
3	51138.44	100	9.62	-1	9.65	9.6
3	51138.46	100	9.62	-1	9.65	9.6
3	51620.1	100	9.61	-1	9.64	9.59
3	51709.58	29	9.61	-1	9.63	9.59
3	51770.48	100	9.59	-1	9.6	9.58
3	52448.63	200	9.58	1	9.58	9.57
3	52542.04	100	9.57	-1	9.59	9.57
3	52607.18	100	9.57	-1	9.59	9.57
3	52607.53	100	9.57	-1	9.59	9.55
3	52612.35	100	9.57	-1	9.59	9.55
3	53087.33	100	9.54	-1	9.54	9.52
3	53087.39	100	9.54	1	9.56	9.52
3	53087.39	100	9.54	1	9.56	9.52
3	54024.2	100	9.53	-1	9.54	9.53
3	54027.28	100	9.52	-1	9.53	9.52
3	54051.32	100	9.52	-1	9.53	9.52
3	54321.55	9	9.53	-1	9.56	9.53
3	54321.62	19	9.53	-1	9.56	9.53
3	54787.62	100	9.54	1	9.55	9.53
3	55112.04	800	9.53	-1	9.55	9.53
3	55200.44	200	9.53	-1	9.55	9.53
3	55200.44	100	9.53	-1	9.55	9.53
3	55200.44	100	9.53	-1	9.55	9.53
3	55261.95	10	9.52	-1	9.54	9.52
3	55264.43	10	9.52	-1	9.54	9.52
3	55627.08	200	9.52	-1	9.53	9.52
3	55636.58	20	9.52	-1	9.53	9.52
3	55636.58	80	9.52	-1	9.53	9.52
3	55737.05	100	9.52	-1	9.53	9.52
3	55737.11	100	9.52	-1	9.53	9.52
3	55800.8	100	9.52	-1	9.53	9.52
3	56267.24	10	9.52	-1	9.57	9.52
3	56707.3	100	9.54	1	9.56	9.52
3	56708.03	48	9.55	1	9.56	9.53
3	56834.21	70	9.53	-1	9.56	9.53
3	56878.13	28	9.53	-1	9.55	9.53
3	56878.13	30	9.53	-1	9.55	9.53
3	56973.95	100	9.53	-1	9.54	9.53
3	56973.95	100	9.53	-1	9.54	9.53
3	57000.07	20	9.52	-1	9.54	9.51
3	57000.07	30	9.51	-1	9.54	9.51
3	57000.07	70	9.52	-1	9.54	9.51
3	57000.08	100	9.51	-1	9.54	9.51
3	57000.08	10	9.51	-1	9.54	9.51
3	57000.08	70	9.51	-1	9.54	9.51
3	57000.08	10	9.51	-1	9.54	9.51
3	57000.08	90	9.51	-1	9.54	9.51
3	57000.13	90	9.51	-1	9.54	9.51
3	57000.13	91	9.51	-1	9.54	9.51
3	57063.3	100	9.51	1	9.53	9.5
3	57081.83	100	9.51	-1	9.52	9.51
3	57125.21	100	9.51	-1	9.51	9.5
3	57150.32	100	9.5	-1	9.51	9.5
3	57157.55	100	9.5	-1	9.51	9.5
3	57157.7	15	9.5	-1	9.51	9.5
3	57222.92	100	9.5	-1	9.51	9.5
3	57285.83	100	9.5	-1	9.51	9.5
3	57291.01	15	9.5	-1	9.51	9.5
3	57307.07	19	9.5	-1	9.51	9.5
3	57345.77	100	9.5	-1	9.51	9.5
3	57361.88	100	9.5	-1	9.51	9.5
3	57365.31	100	9.5	-1	9.51	9.5
3	57366.14	69	9.5	-1	9.51	9.5
3	57402.96	100	9.5	-1	9.51	9.5
3	57449	18	9.5	-1	9.51	9.5
3	57449	82	9.5	-1	9.51	9.5
3	57467.41	82	9.5	-1	9.51	9.5
3	57467.41	96	9.5	-1	9.51	9.5
3	57480.74	100	9.5	-1	9.51	9.5
3	57513.91	35	9.5	-1	9.51	9.5
3	57553.11	100	9.5	-1	9.51	9.5
3	57553.71	19	9.5	-1	9.51	9.5
3	57568.8	19	9.5	-1	9.51	9.5
3	57568.8	81	9.5	-1	9.51	9.5
3	57570.13	65	9.51	1	9.51	9.5
3	57574.11	19	9.5	-1	9.51	9.5
3	57574.11	81	9.5	-1	9.51	9.5
3	57584.27	19	9.5	-1	9.51	9.5
3	57584.27	81	9.5	-1	9.51	9.5
3	57589.81	6	9.5	-1	9.51	9.5
3	57589.81	81	9.5	-1	9.51	9.5
3	57595.13	100	9.5	-1	9.51	9.5
3	57596.78	135	9.51	1	9.51	9.5
3	57596.78	31	9.51	1	9.51	9.5
6	34620.61	18	9.52	-1	9.59	9.52
6	34761.17	100	9.51	-1	9.58	9.51
6	34833.41	1	9.53	1	9.53	9.49
6	34833.41	2	9.51	1	9.53	9.49
6	34971.12	100	9.49	-1	9.57	9.49
6	35229.13	100	9.5	1	9.52	9.48
6	35412.09	17	9.51	1	9.51	9.49
6	35445.6	100	9.5	1	9.51	9.49
6	35739.36	19	9.49	-1	9.54	9.49
6	36121.28	30	9.5	-1	9.54	9.5
6	36278.98	100	9.49	-1	9.51	9.49
6	36288.89	100	9.49	-1	9.5	9.49
6	36288.89	100	9.49	-1	9.5	9.49
6	36338.88	5	9.49	-1	9.5	9.49
6	36353.27	68	9.49	-1	9.5	9.49
6	36443.18	51	9.49	-1	9.5	9.48
6	36529.13	40	9.47	-1	9.5	9.47
6	36744.17	100	9.49	1	9.49	9.46
6	36771.18	100	9.49	1	9.5	9.46
6	36790.14	100	9.5	1	9.53	9.46
6	37267.66	100	9.51	1	9.53	9.5
6	37400.67	100	9.52	1	9.53	9.5
6	37519.09	5	9.5	-1	9.53	9.48
6	37594.15	1	9.53	1	9.54	9.49
6	38142.86	99	9.52	-1	9.54	9.49
6	38575.98	100	9.51	1	9.52	9.51
6	38609.04	100	9.5	-1	9.52	9.49
6	38723.27	30	9.49	-1	9.51	9.48
6	38724.55	600	9.49	-1	9.51	9.48
6	38766.8	100	9.52	1	9.52	9.5
6	38766.8	100	9.52	1	9.52	9.5
6	38766.8	300	9.52	1	9.52	9.5
6	39091.57	100	9.53	1	9.53	9.5
6	39159.23	200	9.51	-1	9.55	9.5
6	39170.56	100	9.55	1	9.55	9.5
6	39183.27	100	9.56	1	9.57	9.52
6	39210.93	25	9.57	1	9.6	9.59
6	39732.16	22	9.65	1	9.68	9.61
6	39879.38	1281	9.74	1	9.77	9.7
6	39886.79	100	9.7	-1	9.76	9.7
6	39918.61	200	9.68	-1	9.74	9.67
6	39960.97	100	9.62	-1	9.69	9.62
6	39960.97	85	9.62	-1	9.69	9.62
6	40187.29	100	9.63	1	9.62	9.56
6	40244.76	100	9.62	1	9.63	9.59
6	40251.23	100	9.59	-1	9.65	9.59
6	41092.13	100	9.58	-1	9.62	9.58
6	43884.95	100	9.56	-1	9.6	9.55
6	43902.24	30	9.55	-1	9.58	9.55
6	43949.02	30	9.55	-1	9.58	9.55
6	43949.02	70	9.55	-1	9.58	9.55
6	44008.54	30	9.55	-1	9.58	9.55
6	44008.54	70	9.55	-1	9.58	9.55
6	44028.87	30	9.55	-1	9.58	9.53
6	44028.87	70	9.55	-1	9.58	9.53
6	44513.64	70	9.55	-1	9.57	9.54
6	44996.83	100	9.53	-1	9.55	9.53
6	44997.53	100	9.53	-1	9.55	9.5
6	45014.56	100	9.53	-1	9.55	9.53
6	45019.75	100	9.53	-1	9.55	9.5
6	45330.64	100	9.51	-1	9.54	9.51
6	45353.54	100	9.51	-1	9.54	9.51
6	45382.24	100	9.51	-1	9.54	9.51
6	45387.21	100	9.51	-1	9.54	9.5
6	47192.39	50	9.51	1	9.61	9.5
6	48228.2	30	9.52	-1	9.56	9.52
6	48240.07	100	9.52	-1	9.55	9.5
6	48813.54	100	9.51	-1	9.53	9.51
6	50810.66	100	9.5	-1	9.52	9.5
6	50818.11	100	9.5	1	9.5	9.49
6	50819.36	100	9.5	1	9.51	9.49
6	51057.21	6	9.52	-1	9.57	9.52
6	51316.5	3	9.55	1	9.57	9.53
6	52718.82	100	9.51	1	9.53	9.5
6	52872.21	15	9.5	-1	9.53	9.5
6	52988.95	100	9.5	-1	9.53	9.5
6	52988.95	100	9.5	-1	9.53	9.5
6	53319.5	100	9.5	-1	9.51	9.5
6	53319.5	100	9.5	-1	9.51	9.5
6	53319.51	100	9.5	-1	9.51	9.5
6	53319.51	86	9.5	-1	9.51	9.5
6	53378.84	100	9.49	-1	9.51	9.49
6	53408.21	15	9.49	-1	9.5	9.49
6	53463.39	100	9.49	-1	9.5	9.49
6	53463.39	15	9.49	-1	9.5	9.49
6	53463.39	85	9.49	-1	9.5	9.49
6	53465.19	100	9.49	-1	9.5	9.48
6	53465.19	15	9.49	-1	9.5	9.48
6	53465.19	85	9.49	-1	9.5	9.48
6	53465.22	100	9.49	-1	9.5	9.48
6	53465.22	85	9.49	-1	9.5	9.48
6	53694.36	100	9.48	-1	9.51	9.48
6	53694.36	100	9.48	-1	9.51	9.48
6	53728.22	100	9.48	-1	9.5	9.48
6	53769.04	100	9.48	-1	9.5	9.47
6	53778.15	100	9.49	1	9.49	9.47
6	53778.15	200	9.49	1	9.49	9.47
6	53888.29	30	9.47	-1	9.49	9.47
6	54171.12	30	9.47	-1	9.51	9.47
6	54171.12	70	9.47	-1	9.51	9.47
6	54179.04	30	9.47	-1	9.51	9.47
6	54179.04	70	9.47	-1	9.51	9.47
6	54759.21	100	9.5	1	9.5	9.47
6	54759.21	100	9.5	1	9.5	9.47
6	54805.35	30	9.47	-1	9.51	9.47
6	55256.21	100	9.5	1	9.52	9.47
6	55576.81	100	9.48	-1	9.51	9.47
6	55576.81	100	9.48	-1	9.51	9.47
6	55581.11	100	9.48	-1	9.5	9.48
6	55602.59	100	9.48	-1	9.5	9.47
6	55644.3	15	9.48	-1	9.49	9.47
6	55775.21	100	9.49	1	9.49	9.46
6	55867.28	100	9.49	1	9.49	9.48
6	55867.28	44	9.49	1	9.49	9.48
6	55867.28	48	9.49	1	9.49	9.48
6	55867.3	17	9.48	-1	9.49	9.48
6	55867.3	2	9.48	-1	9.49	9.48
6	55867.3	8	9.48	-1	9.49	9.48
6	55867.35	241	9.49	1	9.51	9.48
6	56025.27	15	9.49	-1	9.54	9.5
6	56277.75	100	9.5	1	9.52	9.48
6	56372.21	30	9.49	-1	9.53	9.49
6	56733.08	100	9.5	-1	9.54	9.49
6	56787.06	100	9.5	-1	9.53	9.5
6	56788.17	100	9.5	-1	9.53	9.49
6	56925.34	15	9.5	-1	9.52	9.5
6	57000.11	20	9.49	-1	9.53	9.49
6	57000.11	100	9.49	-1	9.53	9.49
6	57000.11	20	9.49	-1	9.53	9.49
6	57000.11	80	9.49	-1	9.53	9.49
6	57000.11	200	9.49	-1	9.53	9.49
6	57000.12	100	9.49	-1	9.53	9.49
6	57000.12	100	9.49	-1	9.53	9.49
6	57000.13	400	9.49	-1	9.53	9.49
6	57000.13	18	9.49	-1	9.53	9.49
6	57000.19	100	9.48	-1	9.52	9.49
6	57000.49	100	9.45	-1	9.45	9.45
6	57000.6	100	9.45	-1	9.47	9.45
6	57076.57	100	9.47	-1	9.49	9.46
6	57096.11	100	9.46	-1	9.48	9.46
6	57195.21	100	9.48	1	9.49	9.46
6	57195.26	100	9.48	1	9.49	9.46
6	57198.03	100	9.48	1	9.49	9.46
6	57199.57	100	9.49	1	9.49	9.46
6	57199.57	74	9.49	1	9.49	9.46
6	57224.02	100	9.46	-1	9.48	9.46
6	57252.2	17	9.46	-1	9.48	9.46
6	57309.06	100	9.46	-1	9.47	9.46
6	57310.11	36	9.46	-1	9.47	9.46
6	57310.5	100	9.47	1	9.47	9.46
6	57312.1	100	9.47	1	9.47	9.46
6	57314.14	200	9.47	1	9.47	9.46
6	57316.93	36	9.46	-1	9.47	9.46
6	57316.93	64	9.46	-1	9.47	9.46
6	57323.59	100	9.47	1	9.47	9.46
6	57323.59	35	9.47	1	9.47	9.46
6	57323.59	65	9.47	1	9.47	9.46
6	57334.38	100	9.46	-1	9.47	9.46
6	57334.38	76	9.46	-1	9.47	9.46
6	57371.18	10	9.46	-1	9.48	9.46
6	57371.18	90	9.47	-1	9.48	9.46
6	57374	14	9.46	-1	9.48	9.46
6	57374	86	9.46	-1	9.48	9.46
6	57375.77	200	9.48	1	9.49	9.46
6	57400.2	79	9.48	1	9.48	9.46
6	57424.17	100	9.48	1	9.48	9.46
6	57424.17	21	9.48	1	9.48	9.46
6	57424.17	69	9.48	1	9.48	9.46
6	57435.14	14	9.46	-1	9.49	9.46
6	57435.14	86	9.46	-1	9.49	9.46
6	57436.29	300	9.48	1	9.48	9.46
6	57444.76	23	9.49	1	9.49	9.47
6	57444.76	77	9.49	1	9.49	9.47
6	57461.13	100	9.47	-1	9.49	9.47
6	57467.45	100	9.5	1	9.5	9.47
6	57468.35	143	9.5	1	9.5	9.47
6	57470.16	100	9.5	1	9.5	9.47
6	57470.16	18	9.5	1	9.5	9.47
6	57470.16	85	9.5	1	9.5	9.47
6	57484.5	100	9.51	1	9.51	9.49
6	57520.21	74	9.5	-1	9.51	9.49
6	57522.46	31	9.5	-1	9.51	9.49
6	57544.51	100	9.51	1	9.51	9.49
6	57544.51	100	9.51	1	9.51	9.49
6	57548.74	100	9.49	-1	9.51	9.49
6	57555.29	200	9.51	1	9.52	9.49
6	57557.24	100	9.49	-1	9.52	9.49
6	57559.23	100	9.49	-1	9.52	9.49
6	57578.16	74	9.5	-1	9.5	9.49
6	57592.54	100	9.5	1	9.5	9.49
7	34309.78	1	9.75	1	9.75	9.58
7	34327.71	3	9.6	-1	9.75	9.58
7	34780.51	100	9.55	-1	9.65	9.55
7	35640.02	7	9.55	-1	9.58	9.53
7	35671.18	10	9.57	1	9.58	9.53
7	35671.18	45	9.58	1	9.58	9.53
7	35671.18	7	9.57	1	9.58	9.53
7	36182.24	39	9.57	1	9.57	9.53
7	36182.24	55	9.57	1	9.57	9.53
7	36182.24	6	9.57	1	9.57	9.53
7	36182.24	44	9.57	1	9.57	9.53
7	36899.05	100	9.57	-1	9.63	9.57
7	39173.6	99	9.64	1	9.64	9.59
7	39369.07	100	9.6	-1	9.64	9.6
7	40798.24	100	9.62	1	9.62	9.59
7	40798.24	98	9.62	1	9.62	9.59
7	40798.3	100	9.62	1	9.62	9.59
7	40798.3	2	9.62	1	9.62	9.59
7	40810.36	1	9.64	1	9.65	9.6
7	40810.36	99	9.64	1	9.65	9.6
7	40812.79	1	9.64	1	9.66	9.6
7	40944.66	7	9.64	-1	9.68	9.64
7	41346.2	1800	9.66	1	9.68	9.64
7	41348.3	100	9.65	-1	9.68	9.65
7	41677.44	1400	9.63	1	9.64	9.6
7	42445.36	100	9.58	1	9.58	9.55
7	42445.38	100	9.58	1	9.62	9.57
7	42445.38	22	9.58	1	9.62	9.57
7	42630.99	2000	9.63	1	9.65	9.6
7	42633.71	100	9.61	-1	9.65	9.61
7	42647.95	100	9.6	-1	9.65	9.58
7	42685.38	300	9.58	-1	9.61	9.58
7	42705.14	100	9.57	-1	9.61	9.57
7	42705.14	100	9.57	-1	9.61	9.57
7	42705.14	300	9.57	-1	9.61	9.57
7	44073.21	93	9.52	-1	9.55	9.52
7	44211.02	100	9.56	1	9.57	9.53
7	44211.07	200	9.57	1	9.57	9.53
7	44327.09	100	9.55	-1	9.57	9.53
7	44534.6	100	9.58	-1	9.6	9.56
7	44734.63	100	9.585	-1	9.6	9.57
7	45652.54	100	9.53	-1	9.59	9.53
7	45652.71	68	9.56	1	9.57	9.51
7	45669.99	100	9.51	-1	9.57	9.51
7	46089.46	100	9.545	-1	9.56	9.53
7	47728.67	10	9.55	-1	9.6	9.55
7	48907.25	100	9.55	1	9.57	9.53
7	49187.46	100	9.56	1	9.57	9.53
7	49437.29	100	9.55	1	9.56	9.54
7	49449.07	100	9.52	-1	9.56	9.52
7	49967.78	100	9.54	1	9.54	9.51
7	50332.31	100	9.53	1	9.54	9.52
7	50438.97	100	9.52	-1	9.54	9.5
7	50906.45	10	9.52	-1	9.55	9.52
7	50907.67	10	9.51	-1	9.55	9.5
7	51194.89	100	9.53	1	9.53	9.5
7	52139.15	91	9.56	1	9.59	9.54
7	52216.94	100	9.57	1	9.57	9.53
7	52216.94	100	9.57	1	9.57	9.53
7	52330.99	10	9.52	-1	9.55	9.52
7	52361.16	10	9.53	-1	9.55	9.53
7	52366.04	10	9.51	-1	9.54	9.51
7	52409.37	10	9.53	-1	9.55	9.51
7	52809.05	100	9.53	-1	9.55	9.52
7	53091.65	200	9.525	-1	9.54	9.51
7	53132.95	28	9.53	1	9.54	9.52
7	53132.95	72	9.54	1	9.54	9.52
7	53241.13	10	9.53	-1	9.56	9.53
7	53419.63	100	9.54	-1	9.56	9.53
7	53419.63	100	9.53	-1	9.56	9.53
7	53420.76	100	9.5	-1	9.52	9.5
7	53420.78	100	9.5	-1	9.52	9.5
7	53420.78	100	9.5	-1	9.52	9.5
7	53420.78	100	9.5	-1	9.52	9.5
7	53420.78	100	9.5	-1	9.52	9.5
7	53420.78	100	9.5	-1	9.52	9.5
7	53438.25	100	9.49	-1	9.52	9.49
7	53556.36	10	9.49	-1	9.52	9.49
7	53642.1	100	9.51	-1	9.56	9.51
7	53850.24	100	9.5	1	9.52	9.49
7	54762.57	100	9.545	-1	9.58	9.53
7	55233.66	100	9.49	-1	9.51	9.49
7	55237.61	100	9.49	-1	9.51	9.49
7	55242.55	100	9.49	-1	9.51	9.49
7	55310.68	100	9.5	1	9.51	9.49
7	55419.64	10	9.49	-1	9.5	9.49
7	55458.32	100	9.5	1	9.5	9.47
7	55550.24	46	9.5	1	9.5	9.47
7	55550.24	54	9.5	1	9.5	9.47
7	55644.23	100	9.5	1	9.5	9.48
7	55646.04	100	9.5	1	9.5	9.49
7	55671.57	90	9.49	-1	9.51	9.48
7	55671.57	10	9.48	-1	9.51	9.48
7	55949.37	10	9.48	-1	9.51	9.48
7	55980.57	10	9.48	-1	9.51	9.48
7	56367.63	100	9.5	-1	9.5	9.49
7	56566.31	200	9.5	1	9.5	9.47
7	56701.3	100	9.51	-1	9.55	9.51
7	56918.32	100	9.48	1	9.5	9.49
7	57057.55	100	9.49	1	9.5	9.48
7	57071.45	100	9.48	-1	9.5	9.48
7	57071.47	100	9.48	-1	9.5	9.48
7	57088.16	100	9.49	1	9.5	9.48
7	57168.28	100	9.5	1	9.5	9.47
7	57173.95	10	9.47	-1	9.5	9.47
7	57217.18	10	9.47	-1	9.51	9.47
7	57217.18	90	9.47	-1	9.51	9.47
7	57260.33	100	9.49	1	9.5	9.47
7	57290.29	100	9.5	1	9.52	9.48
7	57336.2	100	9.5	1	9.51	9.48
7	57343.22	100	9.5	1	9.5	9.48
7	57349.09	11	9.49	-1	9.5	9.48
7	57358.29	87	9.49	1	9.51	9.5
7	57367.73	100	9.5	-1	9.51	9.5
7	57374.57	100	9.5	-1	9.51	9.5
7	57395.06	72	9.49	1	9.49	9.47
7	57397.26	28	9.49	1	9.5	9.47
7	57397.26	428	9.49	1	9.5	9.47
7	57433.32	100	9.49	1	9.49	9.47
7	57433.32	72	9.49	1	9.49	9.47
7	57467.89	43	9.5	1	9.5	9.47
7	57479.53	100	9.47	-1	9.5	9.47
7	57480.19	100	9.47	-1	9.5	9.47
7	57488.88	10	9.47	-1	9.5	9.47
7	57517.33	100	9.47	-1	9.5	9.47
7	57538.41	100	9.49	1	9.49	9.46
7	57538.41	73	9.48	1	9.49	9.46
7	57538.42	27	9.49	1	9.49	9.46
7	57539.6	100	9.5	1	9.51	9.46
7	57539.6	136	9.5	1	9.51	9.46
7	57539.61	67	9.5	-1	9.51	9.46
7	57559.23	100	9.46	-1	9.48	9.46
7	57578.13	100	9.48	1	9.48	9.45
7	57596.79	100	9.45	-1	9.48	9.45
8	34290.45	200	9.5	1	9.5	9.44
8	34335.87	49	9.51	-1	9.64	9.51
8	34576.72	100	9.49	-1	9.52	9.49
8	34846.16	100	9.49	1	9.5	9.46
8	35376.69	3	9.54	1	9.54	9.5
8	35527.2	97	9.55	-1	9.55	9.5
8	36331.68	100	9.58	-1	9.62	9.57
8	36331.7	100	9.57	-1	9.58	9.57
8	37129.29	10	9.5	-1	9.55	9.5
8	37645.2	100	9.46	1	9.52	9.47
8	37806.19	25	9.48	1	9.49	9.46
8	37806.19	75	9.49	1	9.49	9.46
8	38707.63	29	9.5	-1	9.54	9.5
8	40384.47	100	9.52	-1	9.54	9.5
8	40603.2	100	9.49	1	9.51	9.46
8	41371.67	10	9.49	-1	9.51	9.49
8	41415.98	100	9.49	-1	9.51	9.48
8	41478.82	86	9.49	-1	9.49	9.45
8	41670.18	100	9.47	1	9.48	9.44
8	41682.7	100	9.47	1	9.54	9.46
8	41682.7	14	9.47	1	9.54	9.46
8	43616.54	100	9.51	1	9.52	9.5
8	43809.81	100	9.5	-1	9.5	9.48
8	43809.81	100	9.5	-1	9.5	9.48
8	43810.01	100	9.46	-1	9.5	9.45
8	43822.29	100	9.48	1	9.5	9.49
8	43937.92	10	9.44	-1	9.45	9.43
8	44061.57	100	9.43	-1	9.44	9.43
8	44061.57	100	9.43	-1	9.44	9.43
8	44061.57	90	9.43	-1	9.44	9.43
8	44061.57	100	9.42	-1	9.44	9.43
8	44061.59	89	9.41	-1	9.44	9.43
8	44061.59	100	9.41	-1	9.44	9.43
8	44061.77	100	9.41	-1	9.43	9.4
8	44061.77	11	9.41	-1	9.43	9.4
8	44581.3	12	9.41	-1	9.44	9.41
8	44718.03	10	9.41	-1	9.43	9.41
8	44736.23	100	9.43	1	9.43	9.41
8	45150.3	100	9.5	-1	9.5	9.46
8	45421.21	100	9.49	1	9.5	9.45
8	45712.24	100	9.49	1	9.49	9.45
8	45712.24	100	9.49	1	9.49	9.45
8	46791.92	100	9.48	-1	9.48	9.46
8	46993.25	100	9.48	1	9.48	9.45
8	47429.57	100	9.51	1	9.51	9.48
8	48103.47	100	9.5	-1	9.53	9.49
8	48184.48	10	9.5	-1	9.52	9.5
8	48512.66	10	9.5	-1	9.53	9.5
8	48575.05	20	9.5	-1	9.53	9.47
8	48575.05	80	9.5	-1	9.53	9.47
8	48585.12	80	9.5	-1	9.49	9.44
8	48586.29	100	9.49	1	9.5	9.47
8	48982.45	10	9.47	-1	9.5	9.46
8	49398.18	100	9.44	1	9.47	9.42
8	50057.23	100	9.47	-1	9.48	9.47
8	50719.27	100	9.46	1	9.49	9.44
8	51652.66	100	9.45	-1	9.47	9.45
8	51652.66	100	9.45	-1	9.47	9.45
8	51712.52	100	9.4	-1	9.43	9.4
8	51880.99	19	9.34	-1	9.37	9.33
8	51881.49	10	9.33	-1	9.37	9.32
8	51952.14	100	9.35	1	9.5	9.35
8	51952.18	9	9.36	-1	9.4	9.36
8	52160.79	100	9.39	-1	9.41	9.37
8	52344.47	100	9.37	-1	9.4	9.37
8	53135.2	100	9.38	1	9.39	9.37
8	53822.36	100	9.37	-1	9.4	9.37
8	53822.36	100	9.37	-1	9.4	9.37
8	53822.36	100	9.37	-1	9.4	9.37
8	53822.36	100	9.37	-1	9.4	9.37
8	53822.36	200	9.37	-1	9.4	9.37
8	53822.36	300	9.37	-1	9.4	9.37
8	53919.07	100	9.33	-1	9.37	9.33
8	53919.07	100	9.34	-1	9.37	9.33
8	53925.57	100	9.33	1	9.33	9.32
8	53925.57	300	9.33	1	9.33	9.32
8	53925.58	100	9.33	1	9.33	9.32
8	53925.66	100	9.33	1	9.33	9.32
8	53940.68	100	9.33	1	9.33	9.32
8	53940.69	100	9.33	1	9.33	9.32
8	53940.7	100	9.33	1	9.33	9.32
8	53940.71	100	9.33	1	9.33	9.32
8	53944.43	100	9.33	1	9.33	9.32
8	53946.7	100	9.33	1	9.33	9.32
8	53954.35	100	9.33	1	9.33	9.32
8	53957.83	100	9.33	1	9.33	9.32
8	53957.83	100	9.33	1	9.33	9.32
8	53957.84	100	9.33	1	9.33	9.32
8	53957.87	100	9.33	1	9.33	9.32
8	53957.89	100	9.33	1	9.33	9.32
8	53957.9	100	9.33	1	9.33	9.32
8	54122.21	100	9.32	1	9.34	9.3
8	54125.54	100	9.3	-1	9.34	9.29
8	54730.02	100	9.3	-1	9.33	9.3
8	54730.02	100	9.3	-1	9.33	9.3
8	54831.25	10	9.29	-1	9.31	9.29
8	54954.89	19	9.29	-1	9.31	9.29
8	54990.89	100	9.29	-1	9.31	9.29
8	54990.89	14	9.29	-1	9.31	9.29
8	54990.89	71	9.29	-1	9.31	9.29
8	55071.27	14	9.29	-1	9.31	9.29
8	55071.27	86	9.29	-1	9.31	9.29
8	55076.46	15	9.29	-1	9.31	9.29
8	55076.46	85	9.29	-1	9.31	9.29
8	55076.55	15	9.29	-1	9.31	9.26
8	55076.55	85	9.29	-1	9.31	9.26
8	55076.71	15	9.29	-1	9.31	9.26
8	55076.71	85	9.29	-1	9.31	9.26
8	55077.26	15	9.29	-1	9.31	9.26
8	55146.21	100	9.26	-1	9.3	9.25
8	55146.21	300	9.26	-1	9.3	9.25
8	55146.22	100	9.25	-1	9.3	9.25
8	55146.22	100	9.25	-1	9.3	9.25
8	55146.22	600	9.26	-1	9.3	9.25
8	55146.23	66	9.25	-1	9.3	9.25
8	55146.27	100	9.25	-1	9.3	9.24
8	55146.45	100	9.25	-1	9.29	9.24
8	55161.02	100	9.25	-1	9.27	9.23
8	55161.32	100	9.23	-1	9.27	9.23
8	55171.74	100	9.22	-1	9.26	9.21
8	55193.02	23	9.23	-1	9.26	9.23
8	55193.02	77	9.23	-1	9.26	9.23
8	55211.62	100	9.21	-1	9.26	9.21
8	55228.02	100	9.21	-1	9.26	9.21
8	55228.02	100	9.21	-1	9.26	9.21
8	55245.01	100	9.21	-1	9.26	9.21
8	55245.01	100	9.21	-1	9.26	9.21
8	55267.41	100	9.21	-1	9.26	9.21
8	55298.02	100	9.21	-1	9.25	9.21
8	55305.05	100	9.21	-1	9.25	9.21
8	55486.93	100	9.26	1	9.26	9.22
8	55487.15	100	9.26	-1	9.27	9.26
8	55671.77	10	9.25	-1	9.3	9.25
8	55915.16	100	9.23	-1	9.26	9.23
8	55915.16	100	9.23	-1	9.26	9.23
8	55915.16	100	9.23	-1	9.26	9.23
8	55915.16	500	9.23	-1	9.26	9.23
8	55915.16	100	9.22	-1	9.26	9.23
8	55915.16	215	9.22	-1	9.26	9.23
8	55931.86	100	9.22	-1	9.24	9.2
8	56070.61	10	9.19	-1	9.23	9.19
8	56150.01	100	9.19	-1	9.22	9.19
8	56195.82	100	9.22	1	9.22	9.19
8	56252.7	100	9.2	1	9.2	9.19
8	56252.73	100	9.2	1	9.22	9.19
8	56286.05	100	9.23	1	9.25	9.21
8	56542.4	10	9.2	-1	9.23	9.19
8	56680.8	100	9.21	1	9.22	9.19
8	56680.8	100	9.21	1	9.22	9.19
8	56721.07	100	9.2	-1	9.23	9.2
8	56764.08	100	9.2	-1	9.22	9.2
8	56765.06	100	9.2	-1	9.22	9.19
8	56884.11	45	9.17	-1	9.21	9.17
8	56884.11	55	9.18	-1	9.21	9.17
8	56933.28	100	9.2	1	9.22	9.18
8	57000.35	20	9.18	-1	9.22	9.18
8	57000.35	20	9.18	-1	9.22	9.18
8	57000.35	80	9.18	-1	9.22	9.18
8	57000.35	100	9.18	-1	9.22	9.18
8	57000.35	20	9.18	-1	9.22	9.18
8	57000.35	80	9.18	-1	9.22	9.18
8	57000.35	100	9.18	-1	9.22	9.18
8	57000.35	80	9.18	-1	9.22	9.18
8	57000.35	100	9.17	-1	9.22	9.18
8	57000.35	17	9.16	-1	9.22	9.18
8	57000.36	100	9.15	-1	9.22	9.18
8	57000.47	100	9.13	-1	9.16	9.13
8	57000.47	100	9.13	-1	9.16	9.13
8	57000.47	200	9.14	-1	9.16	9.13
8	57000.87	100	9.12	-1	9.13	9.1
8	57000.87	100	9.12	-1	9.13	9.1
8	57000.88	100	9.12	-1	9.13	9.1
8	57000.88	100	9.12	-1	9.13	9.1
8	57001.25	45	9.13	1	9.14	9.12
8	57007.21	100	9.16	1	9.17	9.14
8	57017.57	32	9.17	1	9.17	9.14
8	57046.75	100	9.17	1	9.18	9.15
8	57115.34	100	9.14	-1	9.17	9.14
8	57136.04	100	9.16	1	9.18	9.14
8	57159.79	100	9.16	-1	9.19	9.16
8	57187.28	27	9.16	-1	9.19	9.16
8	57187.28	73	9.16	-1	9.19	9.16
8	57224	27	9.16	-1	9.19	9.16
8	57224	73	9.16	-1	9.19	9.16
8	57267.73	10	9.17	-1	9.19	9.17
8	57287.3	100	9.16	-1	9.17	9.16
8	57299	21	9.16	-1	9.18	9.16
8	57299	79	9.16	-1	9.18	9.16
8	57306.63	100	9.16	-1	9.19	9.16
8	57322	21	9.16	-1	9.17	9.16
8	57327.32	100	9.14	-1	9.18	9.14
8	57336.73	100	9.16	1	9.18	9.15
8	57372.38	100	9.15	-1	9.17	9.15
8	57374.62	100	9.15	-1	9.17	9.15
8	57380.12	100	9.15	-1	9.17	9.15
8	57401.9	100	9.15	-1	9.17	9.15
8	57417.34	100	9.15	-1	9.17	9.15
8	57421.74	18	9.17	1	9.17	9.15
8	57449	100	9.16	-1	9.17	9.16
8	57454.61	100	9.17	1	9.18	9.16
8	57454.61	100	9.17	1	9.18	9.16
8	57454.61	182	9.17	1	9.18	9.16
8	57454.61	26	9.17	1	9.18	9.16
8	57454.67	51	9.19	1	9.2	9.17
8	57455.02	43	9.17	-1	9.19	9.17
8	57466.91	10	9.17	-1	9.19	9.17
8	57485.55	43	9.17	-1	9.19	9.16
8	57501.59	100	9.15	-1	9.17	9.15
8	57521.6	100	9.15	-1	9.2	9.15
8	57545.61	100	9.15	-1	9.19	9.15
8	57554.23	100	9.15	-1	9.18	9.15
8	57563.14	100	9.15	-1	9.16	9.15
8	57569.64	100	9.15	-1	9.16	9.15
8	57570.33	100	9.15	-1	9.16	9.15
8	57570.6	27	9.16	1	9.18	9.15
8	57571.45	27	9.16	1	9.18	9.15
8	57576.66	100	9.15	-1	9.16	9.15
8	57576.66	43	9.15	-1	9.16	9.15
8	57577.25	100	9.15	-1	9.18	9.14
8	57578.96	25	9.15	-1	9.18	9.15
8	57585.7	25	9.15	-1	9.18	9.14
8	57585.7	75	9.15	-1	9.18	9.14
8	57595.18	125	9.15	-1	9.16	9.15
8	57595.18	75	9.15	-1	9.16	9.15
8	57596.18	100	9.15	-1	9.16	9.15
8	57597.18	100	9.15	-1	9.17	9.15
8	57597.55	79	9.16	1	9.16	9.15
8	57598.18	100	9.15	-1	9.16	9.15
8	57598.25	96	9.15	-1	9.16	9.15
8	57599	100	9.15	-1	9.16	9.15
8	57599.18	21	9.15	-1	9.16	9.15
8	57599.18	600	9.15	-1	9.16	9.15
8	57599.18	79	9.15	-1	9.16	9.15
9	34200.3	100	9.33	1	9.34	9.2
9	34225.16	100	9.38	1	9.52	9.33
9	34225.16	300	9.38	1	9.52	9.33
9	34225.16	100	9.39	1	9.52	9.33
9	34225.16	10	9.39	1	9.52	9.33
9	34225.16	20	9.45	1	9.52	9.33
9	34225.16	90	9.39	1	9.52	9.33
9	34225.59	17	9.39	1	9.5	9.39
9	34230.7	100	9.45	1	9.49	9.38
9	34230.7	110	9.45	1	9.49	9.38
9	34230.7	17	9.44	1	9.49	9.38
9	34230.7	80	9.45	1	9.49	9.38
9	34230.76	135	9.46	1	9.49	9.38
9	34231.14	100	9.5	-1	9.57	9.38
9	34343.07	100	9.35	1	9.35	9.28
9	34359.92	94	9.35	-1	9.35	9.28
9	34500.13	133	9.34	1	9.34	9.29
9	34500.13	67	9.34	1	9.34	9.29
9	34545.8	19	9.36	1	9.48	9.36
9	34602.13	100	9.43	1	9.43	9.38
9	34602.13	500	9.43	1	9.43	9.38
9	34602.14	100	9.43	1	9.44	9.38
9	34602.14	14	9.43	1	9.44	9.38
9	34623.03	100	9.44	1	9.48	9.39
9	34740.14	200	9.49	1	9.5	9.45
9	34860.13	100	9.49	1	9.49	9.45
9	35000.16	100	9.46	-1	9.5	9.45
9	35006.39	49	9.49	1	9.49	9.45
9	35006.39	151	9.5	1	9.49	9.45
9	35220.14	100	9.5	1	9.5	9.45
9	35220.14	32	9.47	1	9.5	9.45
9	35220.14	68	9.5	1	9.5	9.45
9	35366.93	1	9.52	1	9.52	9.46
9	35605.99	100	9.52	1	9.52	9.49
9	35613.36	100	9.49	-1	9.53	9.49
9	35673.07	100	9.52	1	9.54	9.5
9	35875.25	15	9.5	-1	9.56	9.5
9	36154.22	34	9.5	-1	9.56	9.5
9	36566.93	100	9.5	-1	9.55	9.51
9	36566.93	100	9.5	-1	9.55	9.51
9	36566.93	100	9.5	-1	9.55	9.51
9	36566.93	100	9.5	-1	9.55	9.51
9	36566.93	100	9.5	-1	9.55	9.51
9	36566.93	100	9.5	-1	9.55	9.51
9	36566.93	100	9.5	-1	9.55	9.51
9	36566.93	100	9.5	-1	9.55	9.51
9	36566.93	100	9.53	-1	9.55	9.51
9	36566.93	200	9.51	-1	9.55	9.51
9	36566.93	51	9.5	-1	9.55	9.51
9	36590.46	100	9.5	-1	9.54	9.5
9	36590.68	48	9.5	-1	9.54	9.5
9	36594.54	100	9.5	-1	9.54	9.5
9	36594.54	48	9.5	-1	9.54	9.5
9	36594.54	52	9.5	-1	9.54	9.5
9	36596.41	100	9.53	1	9.53	9.5
9	36688.34	100	9.49	-1	9.53	9.49
9	36688.34	100	9.49	-1	9.53	9.49
9	36688.34	100	9.49	-1	9.53	9.49
9	36849.58	100	9.49	-1	9.51	9.49
9	37341.7	100	9.5	-1	9.52	9.5
9	37445.66	100	9.49	-1	9.51	9.48
9	37445.76	100	9.48	-1	9.51	9.48
9	37520.26	30	9.48	-1	9.51	9.48
9	38127.21	15	9.49	-1	9.53	9.49
9	38212.14	21	9.53	1	9.54	9.51
9	38212.14	79	9.53	1	9.54	9.51
9	38357.7	100	9.51	-1	9.57	9.51
9	38669.94	100	9.52	-1	9.53	9.52
9	39098.95	27	9.53	1	9.55	9.5
9	41004.53	100	9.48	-1	9.51	9.47
9	41012.4	100	9.47	-1	9.51	9.47
9	41030.66	100	9.46	-1	9.5	9.46
9	41888.09	100	9.47	-1	9.48	9.47
9	41888.31	100	9.48	1	9.48	9.47
9	41888.32	100	9.48	1	9.48	9.47
9	41888.37	100	9.48	1	9.48	9.47
9	41893.17	100	9.47	-1	9.48	9.47
9	41893.17	100	9.47	-1	9.48	9.47
9	41893.17	100	9.47	-1	9.48	9.47
9	41893.19	100	9.47	-1	9.48	9.47
9	41893.19	100	9.47	-1	9.48	9.47
9	41898.09	100	9.47	-1	9.48	9.46
9	41898.09	100	9.47	-1	9.48	9.46
9	42147.23	100	9.48	1	9.48	9.46
9	42147.23	17	9.48	1	9.48	9.46
9	42147.23	83	9.48	1	9.48	9.46
9	42147.3	81	9.46	-1	9.48	9.42
9	42208.57	100	9.48	1	9.51	9.45
9	42208.57	300	9.48	1	9.51	9.45
9	43475.21	30	9.46	-1	9.5	9.46
9	44248.05	4	9.46	-1	9.5	9.45
9	44280.74	100	9.49	1	9.49	9.45
9	44629.16	100	9.49	1	9.51	9.47
9	44801.14	100	9.5	1	9.5	9.47
9	45456.81	100	9.5	-1	9.51	9.48
9	45497.06	100	9.48	-1	9.51	9.48
9	45497.06	200	9.48	-1	9.51	9.48
9	45497.34	100	9.48	-1	9.5	9.47
9	45505.87	200	9.44	-1	9.47	9.44
9	45785.47	80	9.46	-1	9.47	9.46
9	46009.17	33	9.47	1	9.49	9.46
9	46009.17	67	9.49	1	9.49	9.46
9	46098.16	100	9.5	1	9.5	9.46
9	47957	100	9.51	1	9.52	9.5
9	48219.21	18	9.49	-1	9.52	9.49
9	49083.17	36	9.47	-1	9.51	9.47
9	49329.08	100	9.5	-1	9.52	9.49
9	49973.57	52	9.51	1	9.52	9.5
9	51885.32	99	9.51	1	9.52	9.5
9	51954.18	18	9.51	-1	9.52	9.51
9	52275.91	183	9.51	-1	9.52	9.51
9	52275.93	100	9.5	-1	9.52	9.5
9	52275.93	100	9.5	-1	9.52	9.5
9	52275.93	100	9.5	-1	9.52	9.5
9	52275.93	100	9.5	-1	9.52	9.5
9	52275.93	100	9.5	-1	9.52	9.5
9	52275.93	100	9.5	-1	9.52	9.5
9	52334.35	100	9.5	-1	9.52	9.5
9	52334.35	64	9.5	-1	9.52	9.5
9	52483.17	32	9.48	-1	9.5	9.47
9	53037.2	100	9.5	-1	9.51	9.5
9	53038.24	100	9.5	-1	9.51	9.5
9	53539.74	100	9.5	-1	9.51	9.5
9	53555.25	100	9.49	-1	9.51	9.49
9	53555.25	100	9.49	-1	9.51	9.49
9	53879.93	100	9.5	-1	9.53	9.5
9	53999.2	32	9.5	-1	9.53	9.5
9	54169.56	100	9.5	-1	9.53	9.5
9	54185.23	100	9.5	-1	9.54	9.5
9	54435.21	100	9.5	-1	9.53	9.5
9	54441.92	100	9.5	-1	9.53	9.5
9	55134.12	45	9.5	1	9.5	9.49
9	55329.72	100	9.5	-1	9.51	9.5
9	55557.17	100	9.48	-1	9.51	9.48
9	55557.18	100	9.48	-1	9.51	9.48
9	55557.18	500	9.48	-1	9.51	9.48
9	55557.18	600	9.48	-1	9.51	9.48
9	55831.07	100	9.47	-1	9.48	9.47
9	56024.4	300	9.45	-1	9.47	9.45
9	56332.21	30	9.47	-1	9.48	9.47
9	56528.9	100	9.47	-1	9.48	9.47
9	56528.9	100	9.47	-1	9.48	9.47
9	56528.9	100	9.47	-1	9.48	9.47
9	56528.9	100	9.47	-1	9.48	9.47
9	56630.9	18	9.49	1	9.51	9.49
9	56743.74	100	9.5	-1	9.51	9.49
9	57036.11	100	9.49	-1	9.5	9.49
9	57069.69	12	9.51	1	9.52	9.5
9	57229.23	16	9.5	-1	9.53	9.5
9	57320.09	35	9.51	-1	9.53	9.5
9	57320.09	65	9.51	-1	9.53	9.5
9	57327.99	29	9.52	1	9.53	9.5
9	57352.02	100	9.51	1	9.52	9.51
9	57354.3	29	9.51	1	9.52	9.51
9	57439.29	100	9.51	-1	9.52	9.5
9	57439.32	15	9.5	-1	9.52	9.5
9	57439.32	84	9.5	-1	9.52	9.5
9	57464.08	29	9.52	1	9.52	9.5
9	57478.72	29	9.52	1	9.52	9.5
9	57489.11	2	9.5	-1	9.52	9.5
9	57492.09	17	9.5	-1	9.52	9.5
9	57542.53	34	9.5	-1	9.52	9.49
9	57542.53	66	9.5	-1	9.52	9.49
9	57542.75	90	9.49	-1	9.5	9.49
9	57542.77	10	9.49	-1	9.5	9.49
9	57542.77	90	9.49	-1	9.5	9.49
9	57546.16	100	9.5	1	9.5	9.49
9	57546.16	100	9.5	1	9.5	9.49
9	57546.16	100	9.5	1	9.5	9.49
9	57548.88	100	9.5	-1	9.52	9.5
9	57590.4	29	9.52	1	9.52	9.5
9	57590.4	71	9.52	1	9.52	9.5
9	57591.16	100	9.5	-1	9.52	9.49
9	57591.16	100	9.5	-1	9.52	9.49
9	57596.48	100	9.5	-1	9.52	9.5
9	57596.48	100	9.5	-1	9.52	9.5
9	57596.8	100	9.5	-1	9.52	9.5
9	57599.34	42	9.52	1	9.52	9.5
10	34219.15	300	9.48	1	9.5	9.31
10	34222.74	53	9.48	1	9.5	9.32
10	34260.21	100	9.48	1	9.48	9.4
10	34261.38	100	9.5	1	9.69	9.44
10	34329.04	3	9.5	-1	9.62	9.5
10	34536.03	4	9.49	-1	9.58	9.49
10	34560.89	41	9.49	-1	9.58	9.49
10	34990.29	41	9.5	-1	9.56	9.5
10	35471.27	2	9.57	1	9.57	9.51
10	36026.14	200	9.53	-1	9.56	9.52
10	36026.15	100	9.52	-1	9.56	9.5
10	36026.15	16	9.52	-1	9.56	9.5
10	36026.15	53	9.53	-1	9.56	9.5
10	37637.53	100	9.46	-1	9.52	9.46
10	37637.53	100	9.46	-1	9.52	9.46
10	37639.41	100	9.46	-1	9.52	9.46
10	37641.48	22	9.46	-1	9.52	9.46
10	37641.48	78	9.46	-1	9.52	9.46
10	38080.38	99	9.5	1	9.5	9.45
10	38122.18	100	9.5	1	9.5	9.46
10	38122.18	100	9.5	1	9.5	9.46
10	39475.01	100	9.47	-1	9.52	9.47
10	39499.53	100	9.47	-1	9.5	9.47
10	39499.55	100	9.47	-1	9.5	9.47
10	39499.55	90	9.47	-1	9.5	9.47
10	39969.2	78	9.43	1	9.45	9.41
10	39969.21	100	9.43	1	9.45	9.41
10	40133.89	100	9.37	1	9.37	9.34
10	40133.93	100	9.37	1	9.37	9.34
10	40257.17	115	9.385	1	9.42	9.37
10	40257.17	85	9.41	1	9.42	9.37
10	40361.18	100	9.42	1	9.43	9.38
10	40361.18	15	9.41	1	9.43	9.38
10	40361.19	100	9.43	1	9.43	9.38
10	40361.2	185	9.44	1	9.43	9.38
10	40680.85	19	9.46	1	9.47	9.42
10	40680.85	81	9.47	1	9.47	9.42
10	40691.35	100	9.47	1	9.48	9.42
10	40691.37	7	9.48	1	9.48	9.42
10	40691.37	93	9.48	1	9.48	9.42
10	40985.39	67	9.49	-1	9.53	9.48
10	41352.93	67	9.47	1	9.52	9.47
10	41576.18	100	9.49	1	9.49	9.46
10	41614.18	100	9.5	1	9.5	9.46
10	42683.02	100	9.48	-1	9.51	9.47
10	43085.61	100	9.48	-1	9.51	9.47
10	43166.93	100	9.47	-1	9.5	9.47
10	43245.21	100	9.5	1	9.5	9.46
10	43292.19	100	9.5	1	9.5	9.47
10	43295.72	100	9.47	-1	9.5	9.46
10	43295.72	73	9.47	1	9.5	9.46
10	43301.71	99	9.46	-1	9.49	9.46
10	44001.5	100	9.45	-1	9.47	9.45
10	44001.51	100	9.45	-1	9.47	9.44
10	44026.09	100	9.44	-1	9.47	9.44
10	44032.82	100	9.44	-1	9.46	9.42
10	44245.3	100	9.37	1	9.4	9.36
10	44255.28	100	9.43	1	9.47	9.39
10	44302.41	100	9.44	-1	9.47	9.43
10	44431.22	100	9.46	1	9.47	9.42
10	44480.23	100	9.47	1	9.47	9.42
10	44546.22	100	9.47	1	9.47	9.43
10	44637.19	100	9.47	1	9.47	9.43
10	44896.23	100	9.48	1	9.48	9.44
10	44957.56	100	9.44	-1	9.47	9.44
10	44959	100	9.44	-1	9.47	9.43
10	45129.23	100	9.46	1	9.46	9.43
10	45251.23	100	9.48	1	9.48	9.44
10	45270.21	100	9.49	1	9.5	9.46
10	45328.27	100	9.46	-1	9.5	9.45
10	45330.31	100	9.46	-1	9.5	9.45
10	45331.23	100	9.46	-1	9.49	9.46
10	45334.95	100	9.46	-1	9.48	9.46
10	45334.95	100	9.46	-1	9.48	9.46
10	45339.44	100	9.46	-1	9.47	9.45
10	45345.81	100	9.45	-1	9.46	9.44
10	45349.79	100	9.42	-1	9.46	9.42
10	45391.43	100	9.44	1	9.48	9.43
10	45391.43	100	9.44	1	9.48	9.43
10	45391.43	100	9.44	1	9.48	9.43
10	45398.01	100	9.45	1	9.45	9.44
10	45398.02	100	9.45	1	9.45	9.44
10	45423.21	100	9.42	-1	9.46	9.41
10	45451.55	100	9.44	1	9.44	9.43
10	45462.46	100	9.44	-1	9.48	9.44
10	45462.46	100	9.44	-1	9.48	9.44
10	45467.5	100	9.43	-1	9.44	9.43
10	45472.52	100	9.4	-1	9.43	9.4
10	45472.52	100	9.4	-1	9.43	9.4
10	45491.45	100	9.41	-1	9.42	9.41
10	45491.45	100	9.41	-1	9.42	9.41
10	45491.46	100	9.41	-1	9.42	9.41
10	45491.7	100	9.41	-1	9.42	9.41
10	45496.05	100	9.4	1	9.41	9.4
10	45508.55	100	9.41	-1	9.42	9.41
10	45550.22	100	9.43	1	9.43	9.41
10	45561.55	100	9.43	-1	9.44	9.43
10	45565.15	100	9.43	-1	9.44	9.43
10	45661.1	100	9.43	1	9.44	9.4
10	45667.38	92	9.44	1	9.44	9.42
10	45667.82	100	9.44	1	9.44	9.42
10	45678.99	100	9.44	-1	9.45	9.44
10	46021.21	100	9.49	1	9.5	9.45
10	46026.8	300	9.46	-1	9.5	9.46
10	46059.27	100	9.47	1	9.48	9.43
10	46059.29	100	9.48	1	9.52	9.43
10	46225.2	100	9.49	1	9.49	9.45
10	46938.2	100	9.5	1	9.5	9.47
10	46983.12	100	9.5	1	9.5	9.47
10	47030.52	100	9.47	-1	9.5	9.46
10	47494.98	100	9.48	-1	9.5	9.48
10	47494.98	100	9.48	-1	9.5	9.48
10	47495	100	9.48	-1	9.5	9.48
10	47497.18	100	9.48	-1	9.5	9.48
10	47497.21	100	9.48	-1	9.5	9.47
10	48053.21	77	9.46	1	9.47	9.43
10	48085.2	100	9.47	1	9.48	9.44
10	48166.18	100	9.48	1	9.49	9.44
10	48313.21	100	9.48	1	9.49	9.45
10	48594.18	100	9.48	1	9.49	9.44
10	48683.55	100	9.45	-1	9.49	9.45
10	48683.72	100	9.45	-1	9.48	9.45
10	48880.22	100	9.47	1	9.48	9.43
10	49042.62	100	9.43	-1	9.46	9.43
10	49280.19	28	9.42	1	9.42	9.4
10	49437.79	100	9.4	-1	9.42	9.4
10	49437.79	100	9.4	-1	9.42	9.4
10	49437.79	100	9.4	-1	9.42	9.4
10	49437.79	100	9.4	-1	9.42	9.4
10	49437.79	100	9.4	-1	9.42	9.4
10	49437.79	200	9.4	-1	9.42	9.4
10	49437.8	100	9.39	-1	9.41	9.4
10	49850.22	100	9.37	1	9.37	9.35
10	50252.26	100	9.42	1	9.42	9.38
10	50442.16	100	9.44	1	9.44	9.4
10	50630.22	100	9.46	1	9.46	9.43
10	51145.27	100	9.46	-1	9.5	9.46
10	51313.97	300	9.49	1	9.5	9.48
10	51321.22	100	9.5	1	9.51	9.48
10	51543.08	100	9.54	1	9.54	9.51
10	51543.08	173	9.54	1	9.54	9.51
10	51557.98	100	9.55	1	9.55	9.51
10	51557.98	100	9.55	1	9.55	9.51
10	51557.98	100	9.55	1	9.55	9.51
10	51558	27	9.55	1	9.58	9.52
10	53394.61	100	9.51	-1	9.53	9.5
10	54017.34	100	9.54	1	9.55	9.54
10	54146.77	100	9.54	-1	9.57	9.51
10	54506.48	10	9.5	-1	9.54	9.5
10	54510.77	10	9.5	-1	9.54	9.5
10	54558.87	80	9.5	-1	9.51	9.49
10	54558.88	100	9.49	-1	9.51	9.49
10	55250.85	10	9.5	-1	9.53	9.5
10	55449.58	100	9.49	-1	9.51	9.49
10	55449.58	100	9.49	-1	9.51	9.49
10	55449.58	100	9.49	-1	9.51	9.49
10	55449.59	100	9.49	-1	9.51	9.49
10	55449.59	10	9.49	-1	9.51	9.49
10	55449.59	90	9.49	-1	9.51	9.49
10	55450.08	100	9.49	-1	9.51	9.48
10	55696.16	100	9.48	-1	9.51	9.47
10	55849.82	100	9.48	-1	9.47	9.44
10	55970.61	10	9.43	-1	9.48	9.43
10	56001.22	100	9.43	-1	9.48	9.43
10	56001.22	100	9.43	-1	9.48	9.43
10	56001.22	10	9.43	-1	9.48	9.43
10	56001.22	90	9.43	-1	9.48	9.43
10	56005.12	100	9.43	1	9.44	9.42
10	56166.86	100	9.46	1	9.47	9.42
10	56166.86	100	9.47	1	9.47	9.42
10	56166.86	200	9.47	1	9.47	9.42
10	56166.86	100	9.48	1	9.47	9.42
10	56166.86	100	9.5	1	9.47	9.42
10	56166.89	300	9.47	1	9.47	9.42
10	56530.71	100	9.5	-1	9.51	9.5
10	56540.69	100	9.5	-1	9.51	9.5
10	56560.75	11	9.5	-1	9.51	9.5
10	56560.75	189	9.5	-1	9.51	9.5
10	56562.68	100	9.5	-1	9.51	9.5
10	56562.68	11	9.5	-1	9.51	9.5
10	56562.68	89	9.5	-1	9.51	9.5
10	57219.97	200	9.51	1	9.52	9.5
10	57219.97	47	9.52	1	9.52	9.5
10	57219.97	93	9.52	1	9.52	9.5
10	57219.97	100	9.53	1	9.52	9.5
10	57219.97	93	9.53	1	9.52	9.5
10	57219.97	100	9.55	1	9.52	9.5
10	57220.01	100	9.55	1	9.52	9.51
10	57220.01	100	9.55	1	9.52	9.51
10	57220.01	200	9.54	1	9.52	9.51
10	57220.05	100	9.55	-1	9.53	9.55
10	57220.05	100	9.56	-1	9.53	9.55
10	57311.2	46	9.55	-1	9.56	9.55
10	57485.09	100	9.55	-1	9.56	9.55
10	57485.09	200	9.55	-1	9.56	9.55
10	57520.14	100	9.55	-1	9.56	9.55
13	34275.85	67	9.58	1	9.78	9.55
13	35177.18	100	9.59	1	9.59	9.53
13	35177.18	53	9.59	1	9.59	9.53
13	35328.13	100	9.52	-1	9.58	9.52
13	35672.05	1	9.54	1	9.55	9.5
13	36186.71	100	9.55	1	9.57	9.52
13	36186.71	100	9.55	1	9.57	9.52
13	36187.02	300	9.55	-1	9.57	9.55
13	36187.02	107	9.55	-1	9.57	9.55
13	36187.02	107	9.55	-1	9.57	9.55
13	36187.02	193	9.55	-1	9.57	9.55
13	36187.25	100	9.55	-1	9.59	9.55
13	36187.52	100	9.55	-1	9.59	9.55
13	36793.11	100	9.5	-1	9.54	9.5
13	36795.36	100	9.5	-1	9.54	9.5
13	37034.62	100	9.49	-1	9.51	9.48
13	37476.17	100	9.5	1	9.51	9.47
13	38414.43	100	9.5	1	9.5	9.47
13	38952.93	1	9.51	1	9.53	9.48
13	39300.22	100	9.56	1	9.61	9.52
13	39534.35	99	9.52	-1	9.53	9.47
13	40582.14	100	9.5	1	9.5	9.47
13	40732.38	100	9.49	-1	9.51	9.49
13	41072.09	100	9.47	-1	9.51	9.47
13	41310.15	100	9.5	1	9.5	9.47
13	41777.13	100	9.47	-1	9.51	9.47
13	41832.37	100	9.46	-1	9.49	9.46
13	42127.14	100	9.49	1	9.49	9.45
13	42557.15	100	9.49	1	9.49	9.45
13	42671.64	100	9.46	1	9.49	9.45
13	42700.04	100	9.49	1	9.49	9.45
13	42700.04	66	9.49	1	9.49	9.45
13	42711.15	34	9.49	1	9.49	9.45
13	42711.15	66	9.49	1	9.49	9.45
13	43326.15	100	9.49	1	9.49	9.45
13	43397.89	100	9.49	1	9.49	9.45
13	43397.9	100	9.49	1	9.49	9.45
13	43397.9	100	9.49	1	9.49	9.45
13	43397.9	100	9.49	1	9.49	9.45
13	44840.6	100	9.46	-1	9.48	9.46
13	44897.46	23	9.46	1	9.46	9.45
13	44897.46	77	9.46	1	9.46	9.45
13	45125.16	100	9.5	1	9.5	9.46
13	45260.14	100	9.5	1	9.52	9.47
13	45873.82	100	9.49	1	9.52	9.48
13	47215.49	100	9.5	-1	9.51	9.49
13	47786.52	100	9.51	1	9.51	9.49
13	48621.39	100	9.53	1	9.53	9.5
13	48621.39	100	9.53	1	9.53	9.5
13	50209.28	100	9.54	1	9.54	9.52
13	50209.32	100	9.54	1	9.54	9.52
13	50216.36	100	9.55	1	9.57	9.52
13	51787.71	100	9.595	1	9.61	9.58
13	52242.12	100	9.55	1	9.58	9.53
13	54854.14	10	9.54	-1	9.58	9.54
13	55031.02	67	9.545	1	9.56	9.53
13	55382.95	100	9.54	-1	9.57	9.54
13	55403.6	100	9.55	1	9.54	9.52
13	56427.08	100	9.51	-1	9.54	9.5
13	56584.79	100	9.52	1	9.54	9.51
13	56685.92	100	9.51	-1	9.52	9.51
13	56775.61	100	9.5	-1	9.52	9.5
13	56800	100	9.5	1	9.52	9.49
13	56807.84	100	9.51	1	9.51	9.49
13	56934.51	18	9.51	-1	9.52	9.51
13	56934.51	82	9.51	-1	9.52	9.51
13	56934.58	100	9.5	-1	9.52	9.5
13	56935.84	100	9.51	1	9.52	9.5
13	56953.91	100	9.52	1	9.55	9.52
13	56953.91	87	9.51	1	9.55	9.52
13	56991.27	36	9.52	-1	9.54	9.52
13	56991.61	100	9.52	-1	9.54	9.5
13	57000.21	50	9.52	-1	9.54	9.5
13	57005.08	27	9.52	-1	9.52	9.5
13	57104.86	100	9.49	-1	9.51	9.49
13	57281.84	100	9.51	1	9.51	9.5
13	57281.88	100	9.51	1	9.54	9.5
13	57394.54	11	9.51	1	9.52	9.5
13	57394.54	89	9.51	1	9.52	9.5
13	57427.71	100	9.5	-1	9.53	9.5
13	57427.71	65	9.5	-1	9.53	9.5
13	57457.52	89	9.5	-1	9.51	9.5
13	57481.95	11	9.5	-1	9.51	9.5
13	57481.95	154	9.5	-1	9.51	9.5
13	57504.71	4	9.5	-1	9.51	9.5
13	57504.71	79	9.5	-1	9.51	9.5
13	57504.71	93	9.5	-1	9.51	9.5
13	57531.34	100	9.5	-1	9.51	9.5
13	57552.85	100	9.5	-1	9.51	9.49
13	57553.36	100	9.5	-1	9.51	9.49
13	57561.87	100	9.49	-1	9.51	9.49
13	57561.87	22	9.49	-1	9.51	9.49
13	57572.6	37	9.5	-1	9.51	9.5
13	57572.6	63	9.5	-1	9.51	9.5
13	57572.83	100	9.5	-1	9.51	9.49
13	57572.83	28	9.5	-1	9.51	9.49
13	57572.83	37	9.5	-1	9.51	9.49
13	57572.84	100	9.5	-1	9.51	9.49
13	57572.84	100	9.5	-1	9.51	9.49
13	57582.54	100	9.5	-1	9.51	9.5
13	57582.54	200	9.5	-1	9.51	9.5
13	57583.19	100	9.5	-1	9.51	9.5
13	57588.73	100	9.5	-1	9.51	9.5
13	57588.73	228	9.5	-1	9.51	9.5
14	35166.92	100	9.56	1	9.58	9.55
14	35203.24	87	9.52	-1	9.54	9.51
14	35224.77	100	9.54	1	9.54	9.51
14	35224.8	100	9.52	-1	9.54	9.51
14	35224.82	100	9.54	1	9.54	9.51
14	35376.77	7	9.52	-1	9.58	9.51
14	35709.16	100	9.56	1	9.56	9.54
14	35712.23	100	9.57	1	9.64	9.56
14	36635.11	100	9.55	-1	9.6	9.54
14	36635.12	60	9.54	-1	9.6	9.54
14	37571.21	100	9.57	-1	9.62	9.57
14	38129.11	6	9.58	-1	9.64	9.58
14	38686.28	100	9.61	1	9.61	9.57
14	38686.28	200	9.61	1	9.61	9.57
14	38686.28	6	9.6	1	9.61	9.57
14	38724.08	8	9.6	1	9.64	9.58
14	39620.55	10	9.6	-1	9.64	9.6
14	40688.27	100	9.58	-1	9.6	9.58
14	41192.04	100	9.57	-1	9.6	9.55
14	41486.65	80	9.58	-1	9.61	9.58
14	41747.98	100	9.61	1	9.63	9.59
14	42413.43	100	9.61	1	9.61	9.58
14	42681.37	100	9.63	1	9.63	9.59
14	42681.37	100	9.63	1	9.63	9.59
14	42682.46	100	9.65	1	9.63	9.59
14	43100.92	100	9.65	-1	9.7	9.66
14	43100.92	100	9.65	-1	9.7	9.66
14	43112.61	100	9.61	-1	9.66	9.61
14	43112.62	100	9.6	-1	9.65	9.59
14	43112.62	100	9.61	-1	9.65	9.59
14	43122.98	100	9.59	-1	9.65	9.59
14	43122.98	100	9.59	-1	9.65	9.59
14	43123	100	9.58	-1	9.65	9.59
14	43123	100	9.58	-1	9.65	9.59
14	43123.02	100	9.56	-1	9.65	9.59
14	43133.25	100	9.58	-1	9.63	9.59
14	43133.25	100	9.58	-1	9.63	9.59
14	43133.26	100	9.57	-1	9.63	9.59
14	43133.26	100	9.57	-1	9.63	9.59
14	43133.29	100	9.56	-1	9.64	9.59
14	43351.33	100	9.63	1	9.63	9.58
14	46580.01	100	9.56	-1	9.59	9.56
14	46589.62	100	9.58	1	9.59	9.55
14	46589.62	80	9.59	1	9.59	9.55
14	46713.26	20	9.59	1	9.59	9.56
14	46713.26	80	9.59	1	9.59	9.56
14	47540.63	100	9.58	-1	9.6	9.58
14	47921.07	89	9.57	-1	9.6	9.57
14	48439.33	100	9.58	1	9.58	9.57
14	48439.38	100	9.57	-1	9.58	9.57
14	48691.89	100	9.58	1	9.58	9.57
14	49388.02	100	9.57	-1	9.59	9.57
14	49702.57	7	9.57	-1	9.59	9.56
14	49724.66	7	9.57	-1	9.58	9.57
14	49724.66	93	9.57	-1	9.58	9.57
14	49725.04	7	9.57	-1	9.58	9.57
14	49725.04	93	9.57	-1	9.58	9.57
14	49725.04	7	9.57	-1	9.58	9.57
14	49725.04	93	9.57	-1	9.58	9.57
14	50870.02	100	9.56	-1	9.58	9.56
14	51632.08	100	9.55	-1	9.57	9.55
14	51719.34	100	9.55	-1	9.57	9.55
14	51728.86	100	9.55	-1	9.57	9.55
14	52218.32	19	9.55	-1	9.57	9.55
14	52225.12	100	9.56	-1	9.57	9.56
14	52234.27	100	9.57	1	9.59	9.56
14	53341	2	9.6	1	9.6	9.57
14	53422.12	1	9.6	1	9.6	9.58
14	53514.94	1	9.6	1	9.6	9.58
14	53741.88	96	9.6	1	9.62	9.58
14	53895.18	100	9.67	-1	9.79	9.67
14	53925.09	100	9.65	-1	9.71	9.67
14	53964.83	100	9.68	1	9.68	9.64
14	53965.13	100	9.69	1	9.69	9.64
14	53965.13	100	9.69	1	9.69	9.64
14	53965.13	100	9.69	1	9.69	9.64
14	53965.87	100	9.69	1	9.72	9.64
14	53965.87	100	9.72	1	9.72	9.64
14	53981.39	100	9.67	-1	9.72	9.66
14	53981.39	100	9.67	-1	9.72	9.66
14	54272.08	100	9.65	-1	9.69	9.65
14	54614	100	9.65	-1	9.67	9.65
14	54709.75	1	9.66	1	9.67	9.62
14	55082	100	9.65	-1	9.67	9.64
14	55197.4	100	9.63	-1	9.67	9.63
14	55197.4	20	9.63	-1	9.67	9.63
14	55207.64	100	9.62	-1	9.66	9.62
14	55535.13	91	9.56	-1	9.58	9.56
14	55589.02	100	9.56	-1	9.58	9.56
14	55651.21	100	9.56	-1	9.58	9.56
14	55979.02	26	9.56	-1	9.58	9.53
14	55979.02	74	9.56	-1	9.58	9.53
14	56210.19	10	9.5	-1	9.56	9.5
14	56404.29	100	9.51	1	9.52	9.5
14	56404.29	87	9.52	1	9.52	9.5
14	56466.68	100	9.52	1	9.52	9.5
14	56647.02	3	9.54	1	9.55	9.52
14	56940.22	100	9.55	1	9.55	9.53
14	56940.22	87	9.55	1	9.55	9.53
14	56940.3	100	9.55	1	9.56	9.53
14	56940.3	13	9.55	1	9.56	9.53
14	56948.71	3	9.56	1	9.58	9.55
14	57000.19	100	9.58	1	9.6	9.56
14	57000.19	91	9.6	1	9.6	9.56
14	57000.19	9	9.59	1	9.6	9.56
14	57000.19	9	9.6	1	9.6	9.56
14	57000.32	100	9.61	1	9.6	9.56
14	57266.54	100	9.62	1	9.63	9.59
14	57289.09	100	9.61	-1	9.62	9.59
14	57289.12	100	9.61	-1	9.62	9.59
14	57289.15	63	9.61	-1	9.62	9.59
14	57345.13	100	9.6	-1	9.62	9.59
14	57374	100	9.62	1	9.62	9.59
14	57465.17	8	9.6	-1	9.61	9.6
14	57465.17	92	9.6	-1	9.61	9.6
14	57467.52	22	9.61	1	9.61	9.6
14	57473.35	31	9.61	1	9.61	9.6
14	57480.97	100	9.6	-1	9.61	9.6
14	57484.71	100	9.6	-1	9.61	9.6
14	57494.44	1	9.61	1	9.61	9.6
14	57499.1	46	9.61	1	9.61	9.6
14	57499.1	54	9.61	1	9.61	9.6
14	57516.02	46	9.61	1	9.61	9.6
14	57516.02	54	9.61	1	9.61	9.6
14	57518.18	100	9.62	1	9.62	9.6
14	57530.37	100	9.6	-1	9.61	9.6
14	57530.6	100	9.6	-1	9.61	9.6
14	57530.71	100	9.6	-1	9.61	9.6
14	57530.78	100	9.6	-1	9.61	9.6
14	57530.82	8	9.6	-1	9.61	9.6
14	57530.82	92	9.6	-1	9.61	9.6
14	57530.85	100	9.6	-1	9.61	9.6
14	57530.86	8	9.6	-1	9.61	9.6
14	57530.86	92	9.6	-1	9.61	9.6
14	57530.87	8	9.6	-1	9.61	9.6
14	57530.87	92	9.6	-1	9.61	9.6
14	57554.02	92	9.61	1	9.61	9.6
14	57579.05	100	9.62	-1	9.62	9.6
14	57595.03	225	9.62	1	9.62	9.61
14	57595.03	46	9.62	1	9.62	9.61
14	57595.5	1300	9.62	1	9.62	9.61
14	57595.5	575	9.62	1	9.62	9.61
14	57595.56	100	9.62	-1	9.63	9.61
14	57595.66	100	9.62	-1	9.63	9.61
14	57596.79	100	9.62	-1	9.63	9.61
14	57597.88	165	9.62	-1	9.63	9.61
14	57599.01	100	9.63	1	9.63	9.61
15	34327.4	100	9.53	-1	9.7	9.52
15	34327.4	48	9.52	-1	9.7	9.52
15	34341.03	2	9.69	1	9.7	9.52
15	34948.14	12	9.66	1	9.67	9.58
15	36754.53	100	9.55	-1	9.59	9.54
15	36990.5	7	9.54	-1	9.59	9.53
15	38334.17	100	9.52	-1	9.55	9.5
15	39592.98	8	9.56	1	9.58	9.53
15	40237.41	1	9.5	-1	9.54	9.5
15	40237.41	12	9.5	-1	9.54	9.5
15	40300.8	11	9.49	-1	9.54	9.49
15	40367.48	10	9.49	-1	9.53	9.49
15	41762.33	10	9.49	-1	9.52	9.49
15	41896.21	12	9.5	1	9.5	9.48
15	41896.21	88	9.49	1	9.5	9.48
15	41921.21	100	9.5	1	9.5	9.48
15	42049.66	10	9.49	-1	9.52	9.49
15	42060.89	10	9.49	-1	9.51	9.49
15	42084.85	20	9.49	-1	9.51	9.49
15	42084.85	80	9.49	-1	9.51	9.49
15	42084.87	20	9.49	-1	9.51	9.49
15	42084.87	80	9.49	-1	9.51	9.49
15	42092.97	80	9.49	-1	9.51	9.46
15	42255.94	10	9.46	-1	9.51	9.45
15	42268	10	9.46	-1	9.47	9.45
15	42460.34	10	9.46	-1	9.5	9.46
15	42591.28	10	9.46	-1	9.49	9.46
15	42592.31	100	9.49	1	9.49	9.46
15	42629.28	10	9.46	-1	9.5	9.46
15	42766.65	300	9.49	1	9.5	9.47
15	42974.18	10	9.49	-1	9.52	9.48
15	42984.81	11	9.49	-1	9.52	9.48
15	42987.93	10	9.49	-1	9.52	9.48
15	43405.48	10	9.52	1	9.55	9.49
15	43405.48	59	9.53	1	9.55	9.49
15	44010.76	10	9.5	1	9.52	9.5
15	44010.76	10	9.5	1	9.52	9.5
15	44078.78	10	9.5	1	9.52	9.5
15	44078.78	13	9.5	1	9.52	9.5
15	44078.78	57	9.52	1	9.52	9.5
15	44196.86	10	9.48	-1	9.51	9.48
15	44310.83	10	9.46	-1	9.49	9.46
15	44310.83	12	9.46	-1	9.49	9.46
15	44310.83	10	9.46	-1	9.49	9.46
15	44310.83	10	9.46	-1	9.49	9.46
15	44318.14	4	9.46	-1	9.48	9.46
15	44322.2	12	9.46	-1	9.48	9.46
15	44326.07	10	9.46	-1	9.48	9.46
15	44343.34	32	9.46	-1	9.48	9.45
15	44343.34	68	9.46	-1	9.48	9.45
15	44343.37	11	9.46	-1	9.48	9.45
15	44430.23	10	9.45	1	9.48	9.45
15	44490.57	10	9.45	-1	9.47	9.45
15	44594.61	80	9.45	-1	9.46	9.42
15	44601.45	10	9.42	-1	9.46	9.42
15	44705.07	11	9.39	-1	9.44	9.39
15	46545.84	200	9.48	1	9.51	9.47
15	46705.77	100	9.5	1	9.5	9.47
15	46920.22	100	9.5	1	9.51	9.47
15	47023.09	100	9.48	-1	9.51	9.48
15	47697.26	100	9.49	1	9.51	9.46
15	48099.16	11	9.51	1	9.51	9.47
15	48149.07	100	9.48	-1	9.52	9.47
15	48572.24	100	9.51	1	9.52	9.5
15	48766.95	100	9.52	1	9.53	9.49
15	52134.45	100	9.48	-1	9.51	9.48
15	52690.25	100	9.52	1	9.55	9.5
15	53096.38	100	9.48	-1	9.49	9.48
15	53096.67	100	9.48	-1	9.49	9.46
15	53203.98	100	9.44	-1	9.46	9.42
15	53333.14	100	9.45	1	9.48	9.43
15	53401.38	100	9.46	-1	9.48	9.46
15	53401.38	100	9.46	-1	9.48	9.46
15	53414.87	100	9.46	-1	9.48	9.44
15	53517.84	10	9.44	-1	9.48	9.44
15	53546.24	100	9.43	-1	9.44	9.42
15	53564.64	100	9.42	1	9.42	9.41
15	53564.64	100	9.42	1	9.42	9.41
15	53564.64	100	9.42	1	9.42	9.41
15	53586.39	100	9.41	-1	9.42	9.39
15	53972.1	100	9.45	-1	9.48	9.45
15	53972.13	100	9.45	-1	9.48	9.44
15	53976.36	11	9.44	-1	9.48	9.42
15	54014.23	10	9.44	-1	9.48	9.44
15	54014.37	12	9.44	-1	9.48	9.44
15	54109.23	100	9.49	1	9.49	9.46
15	54162.6	10	9.46	-1	9.5	9.45
15	54580.96	99	9.39	-1	9.42	9.39
15	54625.23	1	9.42	1	9.43	9.39
15	54771.39	100	9.46	1	9.47	9.41
15	54771.4	100	9.47	1	9.47	9.41
15	55133.5	100	9.39	1	9.39	9.38
15	55140.49	200	9.39	1	9.4	9.38
15	55147.24	2	9.41	1	9.42	9.39
15	55242.94	10	9.41	-1	9.45	9.4
15	55546.21	21	9.44	1	9.44	9.4
15	55546.21	79	9.44	1	9.44	9.4
15	55871.82	80	9.49	-1	9.52	9.48
15	56006.32	11	9.48	-1	9.52	9.47
15	56121.63	1	9.51	1	9.51	9.47
15	56250.95	100	9.54	1	9.55	9.49
15	57000.17	100	9.53	-1	9.57	9.53
15	57000.39	100	9.53	-1	9.56	9.5
15	57107.65	3	9.53	1	9.53	9.51
15	57149.19	100	9.51	-1	9.52	9.5
15	57302.14	100	9.52	1	9.53	9.51
15	57318.27	44	9.51	-1	9.53	9.5
15	57327.47	100	9.51	-1	9.52	9.5
15	57404.75	29	9.5	-1	9.52	9.5
15	57421.09	51	9.5	-1	9.52	9.5
15	57425.94	100	9.51	-1	9.52	9.5
15	57431.08	18	9.5	-1	9.52	9.5
15	57431.08	66	9.51	-1	9.52	9.5
15	57446.53	2	9.5	-1	9.52	9.5
15	57446.53	42	9.5	-1	9.52	9.5
15	57466.06	44	9.5	-1	9.52	9.5
15	57518.06	72	9.5	-1	9.52	9.5
15	57520.87	7	9.5	-1	9.52	9.49
15	57521.17	100	9.49	-1	9.52	9.49
15	57521.17	100	9.49	-1	9.52	9.49
15	57531.58	100	9.49	-1	9.51	9.49
15	57534.07	69	9.49	-1	9.51	9.49
15	57538.02	100	9.49	-1	9.51	9.49
15	57539	100	9.49	-1	9.51	9.49
15	57540	100	9.49	-1	9.51	9.49
15	57540	100	9.49	-1	9.51	9.49
15	57566.32	100	9.49	-1	9.51	9.48
15	57575.33	100	9.51	1	9.51	9.5
15	57582.03	100	9.5	-1	9.51	9.5
15	57590.11	100	9.5	-1	9.51	9.5
15	57590.16	100	9.5	-1	9.51	9.5
16	34463.73	49	9.58	-1	9.62	9.58
16	34465.46	46	9.58	-1	9.62	9.5
16	34465.47	8	9.58	-1	9.61	9.5
16	34956.98	43	9.54	-1	9.61	9.54
16	35413.21	30	9.54	-1	9.6	9.53
16	35421.89	100	9.6	1	9.6	9.58
16	37872.69	31	9.64	-1	9.72	9.64
16	37892.89	31	9.67	1	9.68	9.63
16	39276.23	94	9.77	1	9.77	9.75
16	39302.07	100	9.775	-1	9.78	9.77
16	39738.6	96	9.745	-1	9.77	9.72
16	41523.06	100	9.84	-1	9.85	9.81
16	42233.06	100	9.84	1	9.84	9.8
16	42289.91	100	9.83	-1	9.84	9.8
16	42993.35	100	9.83	-1	9.84	9.79
16	43245.13	100	9.83	1	9.84	9.79
16	43245.48	100	9.84	1	9.85	9.8
16	43309.96	200	9.85	1	9.85	9.83
16	43310.02	100	9.85	1	9.85	9.83
16	43381.07	500	9.85	1	9.87	9.83
16	43381.07	100	9.85	1	9.87	9.83
16	45532.83	100	9.85	-1	9.89	9.84
16	45532.87	100	9.84	-1	9.87	9.84
16	45532.87	100	9.84	-1	9.87	9.84
16	45652.27	200	9.81	-1	9.89	9.81
16	45652.33	500	9.81	-1	9.89	9.72
16	45652.54	900	9.8	1	9.8	9.79
16	45659.48	400	9.8	1	9.81	9.77
16	45667.31	99	9.8	1	9.87	9.8
16	46076.59	100	9.81	-1	9.83	9.77
16	46089.64	52	9.83	1	9.85	9.79
16	46091.18	100	9.81	1	9.81	9.8
16	46234.61	100	9.86	1	9.86	9.82
16	47299.42	100	9.9	1	9.91	9.85
16	48442.39	32	9.88	-1	9.89	9.87
16	48584.68	68	9.88	-1	9.89	9.87
16	49355.3	10	9.72	-1	9.77	9.66
16	49355.3	10	9.72	-1	9.77	9.66
16	49395.18	100	9.76	-1	9.8	9.74
16	49682.56	100	9.79	-1	9.84	9.79
16	50385.53	100	9.79	-1	9.8	9.79
16	51546.93	86	9.83	-1	9.85	9.82
16	52154.13	24	9.86	1	9.88	9.85
16	52154.13	31	9.86	1	9.88	9.85
16	52154.13	45	9.86	1	9.88	9.85
16	52154.13	55	9.86	1	9.88	9.85
16	52457.01	100	9.89	-1	9.91	9.89
16	52648.36	100	9.88	1	9.88	9.83
16	53366.96	100	9.79	-1	9.82	9.77
16	53394.72	100	9.78	-1	9.79	9.74
16	53820.21	100	9.87	1	9.9	9.84
16	54252.71	100	9.94	1	9.96	9.92
16	54408.51	100	9.96	-1	9.99	9.96
16	54999.86	100	9.97	-1	9.99	9.95
16	55447.02	100	10	1	10	9.99
16	55447.04	100	10	1	10	9.99
16	55447.06	100	10	1	10	9.99
16	55447.09	100	10	1	10	9.99
16	55447.2	100	10	1	10	9.99
16	55447.21	100	10	1	10	9.99
16	55447.23	200	10	1	10	9.99
16	55447.25	100	10	1	10	9.99
16	55456.94	1100	10	1	10.02	10
16	55646.83	100	10.06	-1	10.1	10.07
16	56123.79	1	10.13	-1	10.16	10.13
16	56400.13	100	10.17	-1	10.19	10.17
16	56415.19	1	10.18	1	10.19	10.16
16	56466.8	1	10.18	-1	10.2	10.18
16	56466.8	99	10.18	-1	10.2	10.18
16	56508.91	36	10.18	-1	10.2	10.17
16	56512.87	100	10.16	-1	10.19	10.16
16	56670.45	100	10.16	-1	10.19	10.16
16	56670.45	100	10.16	-1	10.19	10.16
16	56670.45	93	10.16	-1	10.19	10.16
16	56683.61	7	10.16	1	10.18	10.14
16	57000.16	100	10.16	-1	10.17	10.16
16	57000.17	80	10.15	-1	10.17	10.16
16	57000.18	100	10.15	-1	10.14	10.16
16	57000.18	13	10.15	-1	10.14	10.16
16	57000.2	100	10.1	-1	10.14	10.16
16	57000.5	100	10.14	1	10.16	10.11
16	57000.5	13	10.14	1	10.16	10.11
16	57000.5	87	10.14	1	10.16	10.11
16	57001.11	200	10.11	1	10.11	10.1
16	57085.46	100	10.08	-1	10.12	10.08
16	57120.13	100	10.12	1	10.12	10.08
16	57200.64	100	10.12	1	10.13	10.1
16	57250.19	100	10.11	-1	10.14	10.1
16	57310.26	100	10.11	1	10.12	10.1
16	57326.97	100	10.11	1	10.12	10.1
16	57326.97	100	10.11	1	10.12	10.1
16	57326.97	100	10.12	1	10.12	10.1
16	57326.97	100	10.12	1	10.12	10.1
16	57335.17	200	10.12	1	10.14	10.11
16	57378.04	100	10.15	1	10.15	10.14
16	57396.26	100	10.13	-1	10.14	10.13
16	57410.39	100	10.13	-1	10.14	10.11
16	57417.16	100	10.12	-1	10.12	10.11
16	57417.16	44	10.13	-1	10.12	10.11
16	57421.14	9	10.12	1	10.12	10.1
16	57434.02	11	10.12	1	10.14	10.1
16	57449	100	10.1	-1	10.14	10.1
16	57460.13	100	10.1	-1	10.12	10.1
16	57475.31	100	10.1	-1	10.12	10.09
16	57505.17	100	10.11	1	10.11	10.09
16	57520.45	36	10.09	-1	10.11	10.08
16	57520.46	100	10.09	-1	10.11	10.08
16	57568.89	87	10.09	-1	10.11	10.08
16	57579.05	113	10.09	-1	10.11	10.08
16	57589.03	100	10.08	-1	10.11	10.08
16	57594.02	100	10.09	-1	10.11	10.09
16	57594.02	216	10.09	-1	10.11	10.09
16	57595.13	100	10.11	1	10.12	10.1
16	57595.13	100	10.12	1	10.12	10.1
16	57598.81	200	10.11	-1	10.11	10.1
16	57599.01	100	10.11	-1	10.11	10.1
16	57599.14	126	10.12	1	10.12	10.1
16	57599.93	100	10.11	-1	10.12	10.1
17	34791.29	60	10.12	1	10.13	9.82
17	35944.93	60	10.04	-1	10.07	10.03
17	36440.05	100	10.04	-1	10.07	10.04
17	36451.28	100	10.04	-1	10.07	10.04
17	36451.28	150	10.04	-1	10.07	10.04
17	37058.55	300	10.11	1	10.11	10.05
17	38930.54	83	10.13	1	10.15	10.11
17	41088.94	92	10.13	1	10.13	10.07
17	42907.39	100	10.08	-1	10.13	10.08
17	44118.99	100	10.14	1	10.17	10.09
17	44670.23	100	10.15	-1	10.19	10.15
17	46587.02	100	10.04	-1	10.07	10.04
17	46847.96	14	10.03	-1	10.06	9.99
17	46847.96	100	10.01	1	10.06	9.99
17	46847.99	86	10.02	1	10.06	9.99
17	48034.34	100	10.01	-1	10.05	10.01
17	49877.43	100	9.99	-1	10.02	9.99
17	50648.61	100	9.98	-1	10	9.97
17	51141.81	100	9.97	-1	10	9.97
17	51170.7	100	9.97	-1	10	9.97
17	51491.54	100	9.96	-1	9.98	9.95
17	51567.63	100	9.98	1	9.99	9.97
17	51626.62	100	9.99	1	9.99	9.97
17	51689.64	100	9.99	1	9.99	9.97
17	54721.51	100	9.91	-1	9.93	9.9
17	54986.48	100	9.91	-1	9.92	9.86
17	55377.03	100	9.92	1	9.92	9.89
17	55680.64	100	9.89	-1	9.92	9.89
17	55857.04	100	9.92	1	9.92	9.89
17	56298.56	100	9.89	1	9.89	9.87
17	56299.95	200	9.89	1	9.89	9.87
17	56680.28	100	9.93	1	9.95	9.9
17	56697.61	93	9.94	1	9.95	9.9
17	56698.24	100	9.99	1	9.99	9.92
17	56817.04	100	10.02	1	10.02	9.99
17	56876.63	100	10.02	-1	10.03	10
17	57016.09	10	10.03	-1	10.03	10
17	57016.09	18	10.02	-1	10.03	10
17	57020.32	72	10.02	1	10.03	10.02
17	57110.37	100	10.03	-1	10.05	10.02
17	57110.41	24	10.03	-1	10.05	10.02
17	57115.19	100	10.03	-1	10.05	10.02
17	57115.21	5	10.03	-1	10.05	10.02
17	57115.22	95	10.02	-1	10.05	10.02
17	57429.04	11	10.03	1	10.03	10.02
17	57472.24	89	10.02	-1	10.04	10
17	57472.26	11	10.01	-1	10.04	10
17	57475.2	15	10.01	-1	10.04	10
17	57485.26	43	10.01	-1	10.03	10.01
17	57485.26	57	10.01	-1	10.03	10.01
17	57510.1	100	10.02	1	10.03	10.01
17	57528.24	142	10.01	-1	10.04	10.01
17	57528.24	15	10.01	-1	10.04	10.01
17	57528.24	43	10.01	-1	10.04	10.01
17	57551.32	89	10.01	-1	10.04	10.01
20	34333.04	1	9.97	1	9.97	9.85
20	34420.81	171	9.97	1	10.07	9.92
20	34563.5	6	10	1	10.15	9.99
20	34576.04	100	10.02	-1	10.06	9.98
20	35249.03	2	10.02	1	10.02	9.96
20	38674.75	99	10.1	-1	10.09	10
20	39407.04	100	10.06	-1	10.09	10.06
20	39544.15	100	10.06	-1	10.09	10.06
20	40019.89	10	10.11	-1	10.11	10.06
20	41809.61	100	10.18	1	10.18	10.14
20	41818.69	10	10.19	1	10.19	10.14
20	42119.87	10	10.19	1	10.19	10.16
20	42119.87	90	10.19	1	10.19	10.16
20	42129.85	100	10.19	1	10.19	10.16
20	42921.73	10	10.18	1	10.19	10.14
20	43257.48	100	10.19	1	10.19	10.14
20	44040.89	67	10.14	-1	10.18	10.14
20	44049.69	33	10.14	-1	10.17	10.1
20	45762.6	53	10.16	-1	10.19	10.15
20	45762.63	147	10.15	-1	10.19	10.15
20	46209.11	100	10.15	-1	10.19	10.15
20	46257.79	1	10.15	-1	10.19	10.14
20	46257.79	53	10.15	-1	10.19	10.14
20	46277.02	100	10.14	-1	10.18	10.13
20	46277.02	200	10.14	-1	10.18	10.13
20	46277.02	99	10.15	-1	10.18	10.13
20	46277.3	100	10.13	-1	10.17	10.1
20	46277.3	100	10.13	-1	10.17	10.1
20	46277.31	100	10.13	-1	10.17	10.1
20	46556.39	100	10.15	-1	10.18	10.15
20	46736.51	42	10.15	-1	10.18	10.13
20	47167.6	58	10.15	-1	10.17	10.13
20	47167.69	46	10.13	-1	10.16	10.12
20	47373.35	200	10.16	1	10.16	10.14
20	47388.53	100	10.16	1	10.17	10.14
20	48418.95	100	10.17	1	10.17	10.15
20	48458.02	100	10.17	1	10.18	10.15
20	48458.02	100	10.17	1	10.18	10.15
20	48462.74	10	10.18	1	10.18	10.14
20	48463.37	10	10.18	1	10.18	10.14
20	48525.63	10	10.18	1	10.18	10.14
20	48526.35	10	10.18	1	10.18	10.14
20	48527.17	10	10.18	1	10.18	10.14
20	48527.78	10	10.18	1	10.18	10.14
20	49046.01	100	10.18	1	10.19	10.14
20	49046.01	100	10.18	1	10.19	10.14
20	49047.82	10	10.19	1	10.19	10.14
20	50161.47	100	10.13	-1	10.17	10.12
20	50161.47	54	10.13	-1	10.17	10.12
20	50161.56	100	10.13	1	10.13	10.12
20	50171.61	100	10.12	-1	10.13	10.12
20	50171.66	200	10.12	-1	10.13	10.11
20	50220.03	100	10.13	1	10.17	10.08
20	50384.14	100	10.1	-1	10.12	10.08
20	51363.25	100	10.08	-1	10.13	10.08
20	52459.77	10	10.1	1	10.11	10.07
20	52462.89	10	10.1	1	10.11	10.07
20	52465.9	10	10.1	1	10.11	10.07
20	53112.43	10	10.17	1	10.17	10.1
20	53211.56	200	10.15	-1	10.17	10.14
20	53362.83	200	10.15	1	10.15	10.1
20	53362.88	100	10.15	1	10.15	10.1
20	53982.08	100	10.15	-1	10.17	10.14
20	53982.13	100	10.14	-1	10.17	10.13
20	54318.24	100	10.15	1	10.16	10.12
20	54730.63	100	10.12	-1	10.15	10.1
20	54757.14	1	10.15	1	10.15	10.1
20	56411.05	32	10.12	-1	10.16	10.12
20	56564.05	200	10.16	-1	10.17	10.15
20	56601.54	10	10.17	1	10.17	10.13
20	56767.46	100	10.16	1	10.16	10.13
20	56767.46	300	10.16	1	10.16	10.13
20	56767.46	100	10.16	1	10.16	10.13
20	56988.32	32	10.12	-1	10.16	10.12
20	56988.32	68	10.12	-1	10.16	10.12
20	57125.11	100	10.1	-1	10.14	10.1
20	57309.62	23	10.12	1	10.12	10.09
20	57337.29	115	10.12	1	10.12	10.09
20	57432.2	100	10.11	1	10.11	10.1
20	57432.5	87	10.13	1	10.12	10.1
20	57526.34	44	10.12	1	10.12	10.1
20	57553.86	17	10.13	1	10.16	10.11
20	57553.86	55	10.16	1	10.16	10.11
20	57557.13	100	10.14	1	10.14	10.12
20	57563.16	100	10.14	1	10.15	10.12
20	57575.07	100	10.15	1	10.15	10.12
20	57582.59	16	10.15	1	10.15	10.12
20	57598.72	84	10.15	1	10.15	10.12
20	57598.72	97	10.15	1	10.15	10.12
20	57599.13	100	10.12	-1	10.15	10.12
20	57599.25	60	10.12	-1	10.15	10.12
21	34204.34	100	10	-1	10.2	9.99
21	34204.69	100	9.99	-1	10.2	9.75
21	34205.67	100	9.76	-1	10.2	9.74
21	34205.67	100	9.79	-1	10.2	9.74
21	34205.67	200	9.75	-1	10.2	9.74
21	34205.67	200	9.75	-1	10.2	9.74
21	34205.67	200	9.75	-1	10.2	9.74
21	34205.67	200	9.81	-1	10.2	9.74
21	34205.67	200	9.91	-1	10.2	9.74
21	34205.67	100	9.74	-1	10.2	9.74
21	34205.67	100	9.76	-1	10.2	9.74
21	34617.4	100	9.76	1	9.78	9.73
21	34617.41	100	9.76	1	9.78	9.73
21	34627.55	200	9.78	1	9.79	9.75
21	34627.59	100	9.78	1	9.79	9.75
21	34630.53	100	9.85	1	9.85	9.75
21	34761.65	12	9.8	-1	9.86	9.8
21	34827.04	82	9.85	1	9.86	9.8
21	35580.07	18	10.01	1	10	9.99
21	35580.07	82	10.02	1	10	9.99
21	35580.1	100	10	-1	10.06	9.98
21	35680.88	100	10.02	1	10.02	9.98
21	35680.88	18	10.02	1	10.02	9.98
21	35681.12	82	10.02	-1	10.07	9.98
21	35806.73	100	10.01	1	10.01	9.98
21	36066.98	100	10.05	1	10.05	10.02
21	37101.56	100	10.125	-1	10.15	10.11
21	37102.11	192	10.11	-1	10.15	10.1
21	37102.11	8	10.13	-1	10.15	10.1
21	37120.8	8	10.12	-1	10.12	10.01
21	37393.85	100	10.11	-1	10.15	10
21	37913.25	8	10.05	1	10.12	10.03
21	38484.97	100	10.11	-1	10.13	10.11
21	38490.46	100	10.12	-1	10.13	10.08
21	39844.03	10	10.15	-1	10.15	10.12
21	44100.76	8	10.04	-1	10.08	9.94
21	45784.95	30	10.03	1	10.03	9.97
21	46669.55	100	10.01	1	10.01	9.99
21	46699.29	70	9.97	1	9.98	9.95
21	46699.31	30	9.97	1	9.98	9.95
21	46727.32	100	9.97	1	9.98	9.95
21	46988.14	38	9.98	1	10.06	9.95
21	46988.14	62	9.97	1	10.06	9.95
21	47008.32	62	9.98	1	10.04	9.95
21	47028.64	62	9.97	1	10.03	9.96
21	47671.73	100	9.99	-1	10.03	9.92
21	49056.16	100	9.91	-1	9.95	9.91
21	50956.43	100	9.94	1	9.94	9.91
21	50958.05	89	9.94	-1	10.02	9.94
21	51811.64	100	10	1	10.09	9.97
21	52628.49	100	10.01	1	10.01	9.97
21	52969.16	100	10.02	1	10.02	10
21	53751.1	100	10.13	-1	10.15	10.13
21	53770.89	100	10.14	1	10.15	10.12
21	53798.75	100	10.15	1	10.15	10.13
21	53825.29	200	10.14	-1	10.15	10.14
21	54000.93	100	10.14	-1	10.15	10.14
21	54000.93	100	10.15	-1	10.15	10.14
21	55049.93	100	10.1	1	10.1	10.07
21	55064.16	100	10.1	1	10.1	10.07
21	55536.16	100	10.07	-1	10.11	10.07
21	55747.13	100	10.09	1	10.09	10.06
21	56105.51	200	10.075	1	10.09	10.06
21	56105.8	200	10.075	1	10.09	10.06
21	56164.68	100	10.08	1	10.09	10.07
21	56297.27	100	10.09	1	10.09	10.07
21	56297.38	12	10.11	1	10.11	10.08
21	56369.31	100	10.13	1	10.13	10.12
21	56401.16	100	10.13	1	10.13	10.12
21	56514.59	400	10.15	1	10.15	10.14
21	56546.14	100	10.15	-1	10.15	10.14
21	56546.15	100	10.15	-1	10.15	10.14
21	56546.16	100	10.15	-1	10.15	10.14
21	56730.1	100	10.14	-1	10.15	10.12
21	56820.63	100	10.12	1	10.12	10.11
21	57000.12	100	10.14	1	10.14	10.13
21	57000.12	100	10.14	1	10.14	10.13
21	57000.12	2	10.15	1	10.14	10.13
21	57000.18	2	10.15	1	10.15	10.13
21	57000.18	98	10.15	1	10.15	10.13
21	57000.2	198	10.15	1	10.15	10.14
21	57000.29	100	10.18	1	10.18	10.15
21	57292.09	100	10.16	1	10.17	10.14
21	57299	100	10.17	1	10.17	10.14
21	57326.48	7	10.17	1	10.17	10.16
21	57344.36	7	10.17	1	10.17	10.16
21	57344.36	93	10.17	1	10.17	10.16
21	57345.3	76	10.17	1	10.17	10.16
21	57347.12	100	10.16	-1	10.17	10.16
21	57347.12	400	10.165	-1	10.17	10.16
21	57347.13	100	10.16	-1	10.17	10.16
21	57352.25	100	10.16	-1	10.17	10.16
21	57387.44	100	10.16	-1	10.17	10.16
21	57387.45	100	10.16	-1	10.17	10.15
21	57390.09	74	10.15	-1	10.17	10.13
21	57424.34	48	10.14	-1	10.15	10.12
21	57424.34	52	10.14	-1	10.15	10.12
21	57434.24	100	10.15	1	10.15	10.12
21	57434.24	58	10.15	1	10.15	10.12
21	57440.17	42	10.15	1	10.15	10.12
21	57440.17	58	10.15	1	10.15	10.12
21	57449.01	100	10.15	1	10.15	10.12
21	57482.18	100	10.12	-1	10.15	10.12
21	57517.46	100	10.12	-1	10.13	10.12
21	57517.46	100	10.12	-1	10.13	10.12
21	57517.46	100	10.12	-1	10.13	10.12
21	57517.46	100	10.12	-1	10.13	10.12
21	57517.46	20	10.12	-1	10.13	10.12
21	57556.05	80	10.13	1	10.14	10.12
21	57567.06	100	10.13	1	10.14	10.12
21	57575.03	100	10.13	1	10.14	10.12
21	57578.08	100	10.13	1	10.14	10.12
21	57589.09	100	10.13	1	10.14	10.12
21	57590.79	100	10.13	1	10.14	10.12
21	57594.22	314	10.13	1	10.14	10.12
21	57595.01	100	10.12	-1	10.14	10.12
21	57595.01	4	10.12	-1	10.14	10.12
21	57596.48	100	10.12	-1	10.14	10.12
21	57596.48	100	10.12	-1	10.14	10.12
21	57596.48	100	10.12	-1	10.14	10.12
22	34323.04	7	10.08	1	10.09	9.91
22	34339.09	3	10.07	1	10.08	9.92
22	34800.88	100	10.03	-1	10.08	9.97
22	34800.88	7	10.04	-1	10.08	9.97
22	35494.2	66	10.08	1	10.07	9.96
22	38552.7	100	10.01	1	10.06	10
22	40242.8	100	10.01	1	10.09	9.99
22	40752.9	65	10.06	1	10.06	10.01
22	41318.77	34	10.05	1	10.06	10.01
22	41344.71	100	10	-1	10.05	10
22	41442.4	100	10	-1	10.01	10
22	41442.42	100	10	-1	10.01	10
22	41443.38	80	10	-1	10.01	9.99
22	41557.82	100	10	1	10	9.98
22	41596.57	100	10	1	10.02	9.98
22	41596.57	100	10.01	1	10.02	9.98
22	42653.5	100	10.14	1	10.14	10.12
22	43033.55	100	10.15	1	10.17	10.12
22	43774.26	2100	10.16	1	10.17	10.13
22	43784.18	100	10.13	-1	10.17	10.13
22	43784.18	15	10.13	-1	10.17	10.13
22	43787.35	85	10.13	-1	10.17	10.1
22	45089.57	200	10.1	-1	10.12	10.05
22	50711.09	10	10.07	-1	10.11	10.07
22	50956.12	200	10.07	-1	10.09	10.07
22	50956.12	57	10.07	-1	10.09	10.07
22	51036.19	100	10.05	1	10.06	10.03
22	51588.88	100	10.05	1	10.06	10.04
22	51782.86	100	10.05	1	10.05	10.04
22	51782.98	100	10.06	1	10.09	10.05
22	51783.06	100	10.05	-1	10.13	10.05
22	52160.91	10	10.04	-1	10.09	10.04
22	52229.71	100	10.03	-1	10.07	10.03
22	52229.71	200	10.03	-1	10.07	10.03
22	52229.75	27	10.02	-1	10.05	10.02
22	52820.87	100	10.01	-1	10.05	10.01
22	52820.87	100	10.01	-1	10.05	10.01
22	52829.27	10	10	-1	10.05	10
22	53456.33	11	10	-1	10.02	10
22	53456.47	10	10	-1	10.02	10
22	53485.89	200	10	-1	10.01	10
22	53542.45	100	10	-1	10.01	10
22	53550.38	600	10	-1	10.01	10
22	53550.4	100	10	-1	10.01	10
22	53691.8	100	10	-1	10.01	10
22	53691.87	100	10	-1	10.01	10
22	53692.99	100	10	-1	10.01	10
22	53697.36	100	10	-1	10.01	10
22	53718.49	100	10	-1	10.01	10
22	53721.3	100	10	-1	10.01	10
22	54001.13	100	10.01	1	10.02	10
22	54205.7	100	10.04	1	10.09	10.02
22	54923.16	100	10.03	-1	10.04	10.01
22	55736.61	100	10.01	-1	10.02	10
22	55963.5	300	10.01	-1	10.03	10.01
22	55995.23	100	10.01	-1	10.02	10.01
22	56003.49	300	10	-1	10.01	10
22	56006.57	200	10	-1	10.01	10
22	56278.61	100	10	-1	10.01	10
22	56458.8	100	10	-1	10.01	10
22	56533.96	100	10	-1	10.01	10
22	56534.18	100	10	-1	10.01	10
22	56593.76	200	10	-1	10.01	10
22	56593.76	100	10	-1	10.01	10
22	56593.79	100	10	-1	10.01	10
22	56594.01	100	10	-1	10.04	10
22	56598.65	100	10	-1	10.01	10
22	56625.4	100	10	-1	10.01	10
22	56658.13	100	10	-1	10.01	10
22	56658.15	100	10	-1	10.01	10
22	56658.32	200	10	-1	10.01	10
22	56658.32	254	10	-1	10.01	10
22	56669.95	300	9.98	-1	9.99	9.98
22	56670	100	9.97	-1	9.99	9.94
22	56703.98	100	9.93	1	9.97	9.92
22	56706.95	1	9.95	1	9.95	9.92
22	56706.95	99	9.95	1	9.95	9.92
22	56768.08	100	9.93	1	9.99	9.92
22	56768.08	100	9.93	1	9.99	9.92
22	57029.1	10	9.94	-1	9.97	9.94
22	57095.64	10	9.94	-1	9.97	9.94
22	57095.64	90	9.94	-1	9.97	9.94
22	57204.96	100	9.94	-1	9.95	9.94
22	57204.96	127	9.94	-1	9.95	9.94
22	57204.96	260	9.94	-1	9.95	9.94
22	57204.96	13	9.94	1	9.95	9.94
22	57321.16	100	9.91	-1	9.92	9.89
22	57321.16	200	9.91	-1	9.92	9.89
22	57321.16	14	9.905	1	9.92	9.89
22	57375.05	100	9.89	1	9.91	9.88
22	57380.36	100	9.89	-1	9.91	9.89
22	57411.38	12	9.87	-1	9.9	9.87
22	57412.39	100	9.87	-1	9.89	9.87
22	57415.88	100	9.87	-1	9.88	9.84
22	57431.03	15	9.87	-1	9.88	9.87
22	57431.88	27	9.87	-1	9.88	9.87
22	57431.88	73	9.87	-1	9.88	9.87
22	57441.28	79	9.88	1	9.88	9.87
22	57468.73	100	9.88	1	9.88	9.87
22	57468.73	179	9.88	1	9.88	9.87
22	57468.73	21	9.88	1	9.88	9.87
22	57468.73	8	9.88	1	9.88	9.87
22	57531.76	100	9.87	1	9.89	9.87
22	57535.96	100	9.87	-1	9.89	9.86
22	57558.46	10	9.86	-1	9.89	9.84
22	57584.19	10	9.86	-1	9.89	9.84
22	57584.19	90	9.86	-1	9.89	9.84
23	34287.77	100	9.7	-1	9.73	9.68
23	34531.14	100	9.72	1	9.95	9.69
23	34552.88	16	9.7	-1	9.94	9.69
23	34859.04	5	9.64	-1	9.71	9.64
23	34874.72	100	9.71	1	9.72	9.64
23	34874.76	175	9.72	1	9.72	9.64
23	34874.76	25	9.72	1	9.72	9.64
23	38095.27	99	9.76	1	9.76	9.69
23	38173.99	100	9.76	1	9.76	9.72
23	38173.99	100	9.76	1	9.76	9.72
23	38173.99	300	9.76	1	9.76	9.72
23	39174.88	100	9.67	-1	9.7	9.65
23	39176.13	61	9.65	-1	9.7	9.65
23	40090.04	5	9.66	-1	9.69	9.65
23	40090.04	95	9.65	-1	9.69	9.65
23	40407.57	100	9.65	-1	9.68	9.64
23	40407.57	200	9.65	-1	9.68	9.64
23	40407.7	44	9.65	-1	9.67	9.61
23	41370.13	39	9.65	1	9.65	9.63
23	41370.13	61	9.65	1	9.65	9.63
23	41444.24	100	9.65	1	9.72	9.64
23	42204.84	5	9.63	-1	9.67	9.63
23	42917.25	100	9.6	-1	9.62	9.6
23	43085.37	100	9.63	-1	9.65	9.62
23	43188.7	100	9.64	-1	9.65	9.64
23	43204.56	100	9.65	1	9.65	9.64
23	43204.56	90	9.65	1	9.65	9.64
23	43204.57	10	9.65	1	9.65	9.64
23	43698.4	100	9.64	-1	9.67	9.64
23	43705.76	100	9.64	-1	9.67	9.64
23	43705.78	100	9.64	-1	9.66	9.64
23	43705.78	100	9.64	-1	9.66	9.64
23	43706.74	100	9.64	-1	9.66	9.62
23	43706.74	100	9.64	-1	9.66	9.62
23	43711.68	80	9.64	-1	9.66	9.62
23	43716.95	20	9.64	-1	9.66	9.64
23	43716.95	80	9.64	-1	9.66	9.64
23	43716.97	20	9.64	-1	9.66	9.62
23	43716.97	80	9.64	-1	9.66	9.62
23	43818.44	10	9.63	1	9.63	9.57
23	44213.77	105	9.55	-1	9.59	9.5
23	46169.81	100	9.48	-1	9.5	9.47
23	46277.02	3	9.5	1	9.53	9.48
23	46315.68	97	9.5	1	9.52	9.5
23	46811.64	200	9.54	1	9.54	9.53
23	46811.65	100	9.53	-1	9.73	9.53
23	46811.66	100	9.54	1	9.72	9.53
23	46811.67	100	9.54	1	9.54	9.53
23	46817.2	100	9.56	-1	9.61	9.56
23	46817.2	100	9.56	-1	9.61	9.56
23	47143.29	100	9.61	1	9.64	9.6
23	47913.29	100	9.6	-1	9.63	9.59
23	48874.62	200	9.64	-1	9.65	9.63
23	48918.21	100	9.65	1	9.65	9.63
23	48970.08	100	9.65	1	9.76	9.63
23	49956.21	100	9.61	-1	9.71	9.61
23	49956.21	100	9.61	-1	9.71	9.61
23	50708.77	100	9.61	-1	9.63	9.61
23	52881.25	100	9.59	-1	9.63	9.59
23	52891.25	100	9.57	-1	9.61	9.57
23	53555.2	16	9.49	-1	9.54	9.49
23	53986.18	3	9.65	1	9.69	9.63
23	53986.18	9	9.69	1	9.69	9.63
23	54495.48	100	9.68	-1	9.7	9.67
23	54672.16	100	9.68	-1	9.73	9.68
23	55803.35	100	9.69	-1	9.69	9.66
23	55803.36	100	9.69	-1	9.69	9.66
23	55951.62	100	9.64	-1	9.66	9.61
23	56314.2	100	9.6	-1	9.62	9.6
23	56486.59	105	9.61	1	9.64	9.61
23	56529.5	100	9.66	-1	9.69	9.66
23	56536.82	100	9.67	-1	9.69	9.63
23	56538.41	45	9.67	-1	9.69	9.64
23	56850.7	100	9.64	1	9.64	9.62
23	56924.84	100	9.65	-1	9.66	9.62
23	56990.88	100	9.66	1	9.66	9.61
23	56998.32	100	9.66	1	9.67	9.64
23	56998.34	40	9.66	1	9.69	9.64
23	56998.34	60	9.67	1	9.69	9.64
23	57036.57	100	9.68	1	9.7	9.68
23	57058.16	100	9.69	1	9.7	9.66
23	57076.39	100	9.7	1	9.71	9.67
23	57112.61	100	9.71	1	9.71	9.68
23	57113.28	100	9.72	1	9.78	9.68
23	57164.63	100	9.7	1	9.7	9.66
23	57164.63	100	9.7	1	9.7	9.66
23	57165.52	100	9.71	1	9.71	9.67
23	57179.84	30	9.66	-1	9.7	9.66
23	57227.27	100	9.67	1	9.68	9.66
23	57388	100	9.67	-1	9.7	9.67
23	57388	48	9.67	-1	9.7	9.67
23	57403.65	52	9.67	-1	9.7	9.67
23	57403.65	56	9.67	-1	9.7	9.67
23	57409.64	100	9.67	-1	9.69	9.67
23	57425.03	7	9.67	-1	9.68	9.67
23	57481.64	100	9.675	1	9.68	9.67
23	57496.05	9	9.67	-1	9.68	9.67
23	57499.39	100	9.675	1	9.68	9.67
23	57499.41	100	9.675	1	9.68	9.67
23	57501.35	100	9.68	1	9.69	9.67
23	57514.64	100	9.68	-1	9.7	9.68
23	57538.26	8	9.67	-1	9.69	9.65
23	57551.41	92	9.67	1	9.69	9.65
23	57567.66	100	9.67	-1	9.69	9.67
24	34265.22	16	9.67	-1	9.94	9.66
24	34268.17	16	9.68	1	9.69	9.66
24	34268.17	84	9.69	1	9.69	9.66
24	34268.18	41	9.69	1	9.94	9.66
24	34727.04	2	9.84	1	9.84	9.74
24	35845.58	100	9.69	1	9.69	9.65
24	36156.09	300	9.68	1	9.68	9.65
24	36559.01	100	9.7	1	9.7	9.65
24	36874.55	200	9.68	1	9.69	9.67
24	36934.64	100	9.69	1	9.7	9.6
24	37317.17	100	9.89	1	9.89	9.81
24	37319.01	100	9.89	1	9.89	9.81
24	37360.97	100	9.87	-1	9.97	9.87
24	37360.97	200	9.87	-1	9.97	9.87
24	37360.97	800	9.87	-1	9.97	9.87
24	37400.08	200	9.89	1	9.93	9.85
24	37406.64	200	9.86	-1	9.95	9.86
24	38105.35	100	9.79	-1	9.8	9.7
24	38105.35	100	9.8	1	9.8	9.7
24	38701.22	99	9.83	-1	9.86	9.79
24	38704.51	100	9.75	-1	9.81	9.72
24	39090	100	9.75	1	9.76	9.75
24	39107.52	100	9.76	1	9.85	9.75
24	39160.98	1	9.81	1	9.86	9.76
24	41144.1	2	9.84	-1	9.91	9.82
24	41379.54	400	9.9	-1	9.91	9.9
24	41379.57	100	9.91	1	9.91	9.9
24	42309.05	100	9.89	-1	9.91	9.89
24	43621.04	1	9.84	-1	9.87	9.84
24	43683.42	100	9.84	-1	9.86	9.82
24	43683.42	7	9.84	-1	9.86	9.82
24	43683.42	96	9.84	-1	9.86	9.82
24	43683.42	97	9.84	-1	9.86	9.82
24	43683.48	100	9.84	-1	9.85	9.82
24	43713.55	100	9.84	-1	9.87	9.84
24	43927.29	10	9.84	-1	9.87	9.82
24	45093.05	100	9.86	1	9.87	9.86
24	45093.05	100	9.86	1	9.87	9.86
24	45311.78	100	9.93	-1	9.94	9.93
24	45867.62	100	9.91	1	10.05	9.88
24	45867.62	100	9.91	1	10.05	9.88
24	46575.88	100	9.91	1	9.94	9.9
24	49566.18	1	9.93	-1	9.96	9.93
24	49566.19	99	9.94	1	9.96	9.93
24	49597.92	1	9.92	1	9.95	9.92
24	49953.04	100	9.91	-1	9.95	9.9
24	50529.04	1	9.91	1	9.93	9.89
24	50529.04	99	9.92	1	9.93	9.89
24	52297.15	18	9.92	1	9.92	9.89
24	52297.15	1	9.92	1	9.92	9.89
24	53315.56	22	9.89	-1	9.9	9.86
24	53315.56	78	9.88	-1	9.9	9.86
24	54649.71	100	9.88	-1	9.89	9.86
24	54807.83	100	9.87	1	9.87	9.85
24	54807.83	100	9.87	1	9.87	9.85
24	55090.68	100	9.85	-1	9.86	9.85
24	55093.02	100	9.85	1	9.85	9.84
24	55095.76	10	9.84	-1	9.85	9.84
24	55095.76	90	9.84	-1	9.85	9.84
24	55360.64	100	9.85	1	9.85	9.84
24	55399.46	100	9.84	-1	9.89	9.84
24	55399.46	10	9.84	-1	9.89	9.84
24	55399.46	90	9.84	-1	9.89	9.84
24	55400.37	100	9.85	1	9.89	9.84
24	55456.06	100	9.84	-1	9.87	9.82
24	55516.39	100	9.85	1	9.88	9.83
24	55778.38	5	9.84	-1	9.87	9.84
24	56686.29	100	9.82	-1	9.85	9.82
24	57013.97	300	9.805	1	9.81	9.8
24	57014	100	9.81	1	9.81	9.8
24	57015.66	100	9.81	1	9.88	9.8
24	57015.66	100	9.82	1	9.88	9.8
24	57015.66	197	9.89	1	9.88	9.8
24	57015.66	1	9.87	1	9.88	9.8
24	57015.66	2	9.88	1	9.88	9.8
24	57027.08	195	9.82	-1	9.86	9.81
24	57068.69	300	9.81	1	9.81	9.8
24	57070.38	100	9.8	-1	9.81	9.8
24	57080.37	100	9.8	-1	9.81	9.8
24	57080.37	600	9.8	-1	9.81	9.8
24	57081.45	100	9.81	1	9.82	9.8
24	57123.81	200	9.81	1	9.83	9.8
24	57206.16	19	9.8	-1	9.83	9.8
24	57210.23	100	9.8	-1	9.83	9.8
24	57220.51	10	9.8	-1	9.82	9.8
24	57221.53	100	9.8	-1	9.81	9.77
24	57221.6	100	9.81	1	9.84	9.8
24	57221.6	200	9.81	1	9.84	9.8
24	57221.6	100	9.82	1	9.84	9.8
24	57240.32	100	9.81	-1	9.82	9.8
24	57240.77	100	9.8	-1	9.82	9.8
24	57275.38	200	9.81	-1	9.84	9.81
24	57290.53	97	9.81	-1	9.82	9.8
24	57370.11	100	9.81	-1	9.84	9.8
24	57377.07	32	9.8	-1	9.83	9.8
24	57444.15	18	9.8	-1	9.83	9.8
24	57481.16	71	9.82	1	9.82	9.8
24	57484.02	8	9.82	1	9.88	9.81
24	57484.02	92	9.82	1	9.88	9.81
24	57484.03	92	9.82	1	9.88	9.81
24	57484.13	14	9.87	1	9.86	9.81
24	57487.06	100	9.83	-1	9.86	9.82
24	57487.55	23	9.82	-1	9.86	9.81
24	57497.08	26	9.81	-1	9.86	9.81
24	57537.07	22	9.81	-1	9.84	9.81
24	57546.97	14	9.82	1	9.83	9.81
24	57565.12	7	9.84	1	9.84	9.81
24	57565.12	93	9.84	1	9.84	9.81
24	57573.85	100	9.86	1	9.86	9.83
24	57577.81	100	9.86	1	9.86	9.83
24	57577.81	14	9.86	1	9.86	9.83
24	57577.95	100	9.86	1	9.86	9.83
24	57596.84	100	9.84	-1	9.87	9.83
24	57596.84	100	9.84	-1	9.87	9.83
24	57598.93	200	9.84	1	9.84	9.83
24	57598.96	200	9.84	1	9.87	9.83
27	34203.79	13	9.98	1	10	9.62
27	34994.16	40	9.85	1	9.85	9.77
27	35100.82	60	9.85	1	9.93	9.85
27	35516.75	4	9.9	1	9.9	9.82
27	36134.93	13	9.9	1	9.94	9.89
27	39053.61	100	9.93	-1	9.96	9.93
27	39054.59	100	9.93	-1	9.96	9.78
27	39056.99	4	9.93	-1	9.96	9.83
27	39769.82	100	9.89	-1	9.9	9.88
27	39884.05	96	9.93	1	9.94	9.86
27	39884.11	4	9.93	-1	9.94	9.86
27	40035.8	24	9.88	1	9.88	9.82
27	40035.8	300	9.88	1	9.88	9.82
27	40062.66	300	9.87	1	9.87	9.81
27	40103.71	100	9.88	1	9.89	9.83
27	40103.71	200	9.89	1	9.89	9.83
27	40103.71	500	9.89	1	9.89	9.83
27	40468.92	100	10.01	-1	10.02	9.98
27	41234.25	100	9.9	-1	9.98	9.9
27	42905.04	100	9.88	-1	9.93	9.88
27	43203.55	100	9.91	1	9.99	9.87
27	44929.33	1	9.89	-1	9.94	9.89
27	45214.58	4	9.96	1	9.96	9.9
27	45695.58	4	9.935	1	9.96	9.91
27	46755.96	100	9.935	1	9.95	9.92
27	47640.04	100	9.88	-1	9.94	9.88
27	47640.05	100	9.88	-1	9.93	9.88
27	47640.9	100	9.88	-1	9.93	9.88
27	47710.66	100	9.91	1	9.92	9.88
27	49431.77	100	9.85	-1	9.89	9.85
27	49431.77	100	9.85	-1	9.89	9.85
27	50841.71	100	9.9	1	9.91	9.87
27	50903.71	100	9.91	-1	9.94	9.89
27	51102.31	12	9.915	1	9.94	9.89
27	51293.89	100	9.91	1	9.93	9.89
27	51333.75	100	9.93	1	9.94	9.89
27	51675.27	10	9.935	1	9.96	9.91
27	51703.95	100	9.95	1	9.96	9.91
27	51759.97	100	9.935	1	9.96	9.95
27	51759.97	100	9.935	1	9.96	9.95
27	52624.02	100	9.9	-1	9.94	9.89
27	52642.5	100	9.89	-1	9.94	9.88
27	52800.57	11	9.94	1	9.94	9.89
27	52829.3	13	9.94	1	9.94	9.89
27	52829.35	10	9.94	1	9.94	9.89
27	53347.96	100	9.93	-1	9.95	9.9
27	54045.57	100	9.915	1	9.93	9.9
27	54216.74	100	9.92	1	9.93	9.91
27	55167.16	100	9.95	1	9.96	9.94
27	55249.31	6	9.99	1	10	9.94
27	55332.13	10	9.99	1	10	9.94
27	55691.39	100	9.9	-1	9.91	9.9
27	55691.39	13	9.9	-1	9.91	9.9
27	55691.39	77	9.91	-1	9.91	9.9
27	55692.95	200	9.91	-1	9.97	9.9
27	55828.4	100	9.92	1	9.93	9.88
27	55897.37	100	9.92	-1	9.97	9.92
27	55897.37	100	9.92	-1	9.97	9.92
27	55897.37	100	9.93	-1	9.97	9.92
27	55897.37	200	9.93	-1	9.97	9.92
27	56016.86	100	9.95	1	9.96	9.93
27	56016.86	100	9.96	1	9.96	9.93
27	56016.86	100	9.96	1	9.96	9.93
27	56016.86	200	9.96	1	9.96	9.93
27	56016.86	60	9.96	1	9.96	9.93
27	56430.28	10	9.98	-1	9.98	9.95
27	56581.93	3	9.98	1	9.98	9.94
27	56662.43	100	9.95	-1	9.98	9.94
27	56877.62	11	9.97	1	9.97	9.93
27	56942.56	12	9.99	1	9.99	9.94
27	56972.01	10	9.99	1	9.99	9.94
27	56989.18	11	9.99	1	9.99	9.95
27	56999.01	10	9.99	1	10.01	9.97
27	57000.3	163	9.99	1	10.01	9.97
27	57000.3	100	10.01	1	10.01	9.97
27	57000.39	500	10.01	-1	10.01	9.99
27	57016.59	100	10	-1	10.04	9.98
27	57090.61	100	10.02	1	10.02	10
27	57093.5	10	10.03	1	10.03	10
27	57116.14	95	10.03	-1	10.04	10.02
27	57141.31	81	10.03	-1	10.04	10
27	57160.11	69	10.02	-1	10.04	10
27	57203.7	42	10	-1	10.04	10
27	57203.7	58	10.02	-1	10.04	10
27	57211.9	10	10.01	-1	10.04	9.98
27	57211.9	40	10	-1	10.04	9.98
27	57211.9	42	10	-1	10.04	9.98
27	57211.9	50	10.02	-1	10.04	9.98
27	57211.9	58	10	-1	10.04	9.98
27	57242.68	200	10.03	-1	10.04	10
27	57242.72	100	10.03	-1	10.05	10.03
27	57311.11	25	10.03	1	10.04	9.99
27	57387.86	29	10.03	1	10.04	9.99
27	57470.1	40	9.99	-1	10.03	9.99
27	57470.1	60	10	-1	10.03	9.99
27	57481.49	100	10	-1	10.03	10
27	57531.05	100	10	1	10.01	9.99
27	57531.12	100	10	1	10.02	9.99
27	57531.12	100	9.99	-1	10.02	9.99
27	57531.13	100	10	-1	10.02	9.99
27	57540.02	100	10	-1	10.02	9.99
27	57558.3	1	10.01	1	10.02	9.99
27	57565.3	1	10.01	1	10.02	9.98
27	57572.17	100	10.01	1	10.02	9.98
27	57589.3	100	10.01	1	10.02	9.98
27	57592.83	100	10.02	1	10.02	9.98
27	57592.83	20	10.02	1	10.02	9.98
27	57592.83	80	10.01	1	10.02	9.98
28	34497.16	3	9.98	-1	10.12	9.97
28	34579.82	1	10	-1	10.06	9.98
28	34579.83	18	9.98	-1	10.06	9.98
28	34579.86	75	9.98	-1	10.05	9.98
28	34794.02	60	9.97	-1	10.02	9.97
28	35265.04	1	9.89	1	9.9	9.8
28	35954.13	100	9.89	-1	9.92	9.89
28	36058.62	2	9.91	1	9.92	9.89
28	36060.27	41	9.91	-1	9.92	9.89
28	36064.19	2000	9.92	1	9.92	9.91
28	36314.11	500	9.92	1	9.96	9.91
28	36314.12	38	9.92	1	9.96	9.91
28	36662.77	100	9.96	-1	9.97	9.93
28	37160.84	300	9.92	1	9.92	9.89
28	37257.82	100	9.94	1	9.94	9.9
28	37264.48	300	9.95	1	9.95	9.9
28	37340.74	300	9.95	1	9.95	9.9
28	37452.77	35	9.99	1	10.03	9.96
28	37452.77	65	10.01	1	10.03	9.96
28	37486.49	8	10.025	1	10.07	10
28	37486.49	92	10.05	1	10.07	10
28	37513.89	8	10.05	1	10.1	10.05
28	37513.89	92	10.09	1	10.1	10.05
28	37626.76	11	10.045	1	10.07	10.02
28	37769.09	100	10.11	1	10.15	10.09
28	37769.09	100	10.11	1	10.15	10.09
28	37778.17	100	10.11	1	10.11	10.09
28	37784.1	100	10.09	-1	10.1	10.09
28	37784.29	100	10.09	-1	10.1	10.09
28	37784.5	100	10.09	-1	10.1	10.09
28	37784.73	100	10.09	-1	10.11	10.09
28	37784.87	100	10.09	-1	10.11	10.09
28	37785	100	10.09	-1	10.11	10.09
28	37819.25	500	10.1	1	10.11	10.08
28	37822.99	10	10.1	1	10.11	10.08
28	37823.84	90	10.1	-1	10.11	10.08
28	37915.59	1	10.04	-1	10.09	10.04
28	37943.63	1	10.07	-1	10.09	10.05
28	37943.63	100	10.05	-1	10.09	10.05
28	38967.98	100	10.03	1	10.02	9.94
28	39816.41	100	9.97	-1	10.02	9.97
28	43323.06	10	10.01	1	10.01	10
28	43323.06	11	10.01	1	10.01	10
28	43420.43	100	10.01	1	10.01	10
28	44118.37	100	10.02	1	10.04	10
28	45582.35	100	10.01	1	10.02	10
28	45719.48	100	10.03	1	10.03	10.02
28	48439.56	72	10.03	1	10.03	10.01
28	49045.15	100	9.97	-1	10.01	9.97
28	50589.02	100	10	1	10.02	9.98
28	51686.34	100	10.02	-1	10.03	10.02
28	52159.19	10	10.03	1	10.03	9.99
28	52522.32	11	10.03	1	10.03	9.99
28	53343.8	10	10.04	1	10.04	10
28	53354.05	100	10.04	1	10.04	10.02
28	53967.49	12	10.02	1	10.02	9.98
28	54136.12	10	10.02	1	10.02	9.99
28	54460.89	100	9.99	1	10.02	9.98
28	54762.43	10	9.99	-1	10.01	9.98
28	56072.74	100	10.02	1	10.02	9.97
28	56073.21	100	9.97	-1	10.02	9.97
28	56153.92	100	10.01	1	10.02	9.97
28	56173.23	11	10.02	1	10.02	9.98
28	56190.47	300	10.01	-1	10.02	10.01
28	56348.18	10	10.02	1	10.02	9.96
28	56388.89	10	10.02	1	10.02	9.99
28	56411.2	10	10.02	1	10.02	9.99
28	56677.88	100	10.02	1	10.02	9.99
28	56692.15	100	10.02	1	10.02	9.99
28	56697.27	100	9.99	-1	10.02	9.99
28	56747.21	100	10.02	1	10.03	9.99
28	56753.24	37	10.02	1	10.04	10.01
28	56757.8	63	10.04	1	10.04	10.01
28	57127.82	100	10.04	1	10.04	10.02
28	57158.32	74	10.04	-1	10.05	10.03
28	57160.12	26	10.05	1	10.05	10.03
28	57317.07	114	10.03	-1	10.05	10.03
28	57340.99	100	10.04	-1	10.05	10.04
28	57356.04	35	10.02	-1	10.05	9.99
28	57356.04	65	10.03	-1	10.05	9.99
28	57373.58	215	10.03	-1	10.04	10.02
28	57375.24	65	10.02	-1	10.04	10
28	57380.25	120	10.02	1	10.03	10.01
28	57385.33	102	10.02	1	10.03	10.01
28	57390.31	87	10.02	1	10.03	10.01
28	57395.34	43	10.02	1	10.03	10.02
28	57425.35	100	10.03	1	10.04	10.02
28	57480.79	100	10.03	-1	10.04	10.03
28	57482.27	100	10.04	1	10.04	10.03
28	57483.36	375	10.05	1	10.05	10.03
28	57496.89	100	10.04	-1	10.05	10.04
28	57498.69	14	10.04	-1	10.05	10.03
28	57510.59	14	10.03	-1	10.05	10.02
28	57510.59	86	10.04	-1	10.05	10.02
28	57553.83	100	10.04	-1	10.05	10.03
28	57554.08	100	10.05	1	10.05	10.03
28	57571.98	400	10.05	1	10.05	10.04
28	57573.21	100	10.04	-1	10.05	10.04
28	57577.24	100	10.04	-1	10.05	10.04
28	57578.53	1	10.05	1	10.06	10.04
28	57578.53	99	10.05	1	10.06	10.04
28	57586.54	100	10.05	-1	10.06	10.05
28	57586.54	100	10.05	-1	10.06	10.05
28	57586.54	100	10.05	-1	10.06	10.05
28	57586.54	200	10.05	-1	10.06	10.05
28	57598.83	43	10.06	1	10.06	10.05
28	57599.95	143	10.06	1	10.06	10.05
28	57599.95	57	10.06	1	10.06	10.05
29	34200.39	50	9.8	-1	10.08	9.77
29	34327.11	50	10.04	1	10.08	9.86
29	34712.82	100	10.04	1	10.04	9.98
29	37877.52	19	9.86	-1	9.92	9.89
29	37903.21	66	9.86	-1	9.91	9.82
29	39086.15	3	9.86	-1	9.89	9.85
29	39238.05	10	9.87	-1	9.91	9.86
29	39240.14	10	9.87	-1	9.91	9.86
29	39475.73	80	9.9	1	9.9	9.82
29	40127.39	10	9.86	-1	9.88	9.82
29	40199.12	100	9.92	1	9.92	9.87
29	40199.12	500	9.93	1	9.92	9.87
29	40229.75	100	9.94	1	9.98	9.9
29	40314.54	100	9.99	-1	10.01	9.94
29	40316.06	100	9.99	-1	10.01	9.94
29	40534.46	1000	10.05	-1	10.08	10.05
29	40538.16	300	10.03	-1	10.08	10.02
29	40570.8	200	9.98	-1	10.03	9.98
29	40574.41	100	9.96	-1	9.98	9.96
29	42112.73	10	9.92	-1	9.96	9.92
29	42239.98	10	9.94	-1	9.95	9.94
29	42924.06	10	9.89	-1	9.9	9.85
29	42925.58	10	9.89	-1	9.9	9.86
29	42930.23	100	9.91	1	9.92	9.85
29	43082.1	10	9.87	-1	9.96	9.88
29	43119.2	10	9.89	-1	9.92	9.87
29	44113.46	100	9.93	-1	9.96	9.92
29	44202.75	80	9.93	-1	9.96	9.92
29	44601.08	10	9.87	-1	9.91	9.87
29	44602.94	10	9.87	-1	9.91	9.87
29	44604.82	10	9.87	-1	9.91	9.87
29	44955.05	10	9.86	-1	9.89	9.86
29	45787.12	100	9.87	-1	9.91	9.86
29	46294.3	10	9.87	-1	9.88	9.87
29	46867	10	9.87	-1	9.9	9.87
29	46868.84	10	9.87	-1	9.9	9.87
29	46870.91	10	9.87	-1	9.9	9.87
29	47723.59	4	9.9	-1	9.94	9.9
29	50259.08	10	9.89	-1	9.93	9.89
29	50280.57	100	9.89	-1	9.91	9.88
29	50346.35	10	9.86	-1	9.9	9.86
29	50371.18	10	9.86	-1	9.9	9.85
29	50373.27	10	9.86	-1	9.9	9.85
29	50812.02	5	9.86	-1	9.87	9.85
29	50948.94	40	9.85	-1	9.87	9.85
29	50948.94	60	9.86	-1	9.87	9.85
29	50965.93	100	9.85	-1	9.87	9.85
29	50966	100	9.85	-1	9.87	9.85
29	50972.54	10	9.85	-1	9.87	9.85
29	51004.77	100	9.85	-1	9.87	9.85
29	51004.77	100	9.85	-1	9.87	9.85
29	51014.8	100	9.85	-1	9.87	9.85
29	51018.64	100	9.85	-1	9.87	9.85
29	51018.64	100	9.85	-1	9.87	9.85
29	51018.65	100	9.85	-1	9.87	9.8
29	51018.65	100	9.85	-1	9.87	9.8
29	51018.66	50	9.85	-1	9.87	9.8
29	51259.38	100	9.82	1	9.83	9.79
29	52008.91	10	9.82	-1	9.85	9.82
29	52097.46	10	9.82	-1	9.87	9.82
29	52364.49	10	9.82	-1	9.87	9.82
29	52851.05	10	9.82	-1	9.87	9.82
29	52865.84	547	9.82	-1	9.87	9.82
29	52867.24	31	9.82	-1	9.85	9.82
29	53952.79	10	9.83	-1	9.86	9.82
29	53954.29	10	9.83	-1	9.86	9.82
29	53956.14	10	9.83	-1	9.86	9.82
29	53958.2	10	9.83	-1	9.86	9.82
29	53960.24	10	9.83	-1	9.86	9.82
29	54474.85	10	9.82	-1	9.85	9.82
29	54483.03	10	9.82	-1	9.85	9.82
29	54486.23	10	9.82	-1	9.85	9.82
29	54500.86	10	9.82	-1	9.85	9.82
29	54511.59	10	9.82	-1	9.85	9.82
29	54534.2	100	9.82	-1	9.85	9.82
29	55181.4	10	9.83	-1	9.87	9.83
29	55203.95	10	9.83	-1	9.87	9.83
29	55501.75	100	9.85	1	9.89	9.82
29	55501.75	37	9.85	1	9.89	9.82
29	55573.35	12	9.86	1	9.88	9.85
29	55573.35	37	9.86	1	9.88	9.85
29	55612.86	100	9.88	1	9.91	9.86
29	55612.86	6	9.88	1	9.91	9.86
29	55801.03	18	9.88	1	9.88	9.84
29	55971.21	31	9.88	1	9.88	9.84
29	56114.36	100	9.9	1	9.92	9.87
29	56630.8	100	9.87	-1	9.91	9.87
29	56631.52	41	9.87	-1	9.9	9.87
29	56650.07	100	9.87	-1	9.9	9.86
29	56650.07	119	9.87	-1	9.9	9.86
29	56650.07	59	9.87	-1	9.9	9.86
29	56748.41	5	9.86	-1	9.9	9.85
29	56771.6	100	9.87	1	9.87	9.84
29	56771.6	100	9.87	1	9.87	9.84
29	56771.6	100	9.87	1	9.87	9.84
29	56771.6	100	9.87	1	9.87	9.84
29	56771.66	100	9.87	1	9.93	9.84
29	56860.11	100	9.88	-1	9.93	9.87
29	56993.42	80	9.89	1	9.89	9.86
29	57000.03	100	9.85	-1	9.89	9.85
29	57000.03	100	9.85	-1	9.89	9.85
29	57000.13	100	9.84	1	9.84	9.83
29	57001.7	100	9.83	-1	9.84	9.83
29	57052.24	100	9.85	1	9.87	9.83
29	57055.17	100	9.87	1	9.89	9.85
29	57210.12	100	9.85	-1	9.88	9.85
29	57260.17	83	9.855	-1	9.87	9.84
29	57260.19	17	9.855	-1	9.87	9.84
29	57265.1	21	9.855	-1	9.87	9.84
29	57291.08	83	9.85	-1	9.87	9.84
29	57309.2	81	9.86	1	9.86	9.84
29	57312.85	5	9.84	-1	9.86	9.84
29	57330.19	5	9.84	-1	9.85	9.84
29	57330.19	95	9.84	-1	9.85	9.84
29	57338.39	100	9.85	1	9.86	9.84
29	57338.39	1	9.85	1	9.86	9.84
29	57338.39	99	9.85	1	9.86	9.84
29	57343.26	15	9.85	1	9.86	9.84
29	57343.26	86	9.85	1	9.86	9.84
29	57343.26	99	9.85	1	9.86	9.84
29	57387.14	5	9.84	-1	9.86	9.84
29	57388.5	82	9.85	1	9.86	9.84
29	57407.27	69	9.85	1	9.86	9.84
29	57407.59	31	9.85	-1	9.86	9.85
29	57407.61	69	9.85	-1	9.86	9.84
29	57415.16	100	9.85	-1	9.86	9.84
29	57465.07	100	9.845	-1	9.85	9.84
29	57475.6	100	9.845	-1	9.85	9.84
29	57481.06	10	9.84	-1	9.85	9.84
29	57481.06	90	9.84	-1	9.85	9.84
29	57482.31	5	9.84	-1	9.85	9.84
29	57482.32	10	9.84	-1	9.85	9.84
29	57511.19	25	9.84	-1	9.85	9.84
29	57511.19	61	9.84	-1	9.85	9.84
29	57514.53	171	9.845	-1	9.85	9.84
29	57514.63	100	9.845	-1	9.85	9.84
29	57514.69	85	9.845	-1	9.85	9.84
29	57514.7	100	9.845	-1	9.85	9.84
29	57519.68	17	9.85	1	9.86	9.84
29	57528.32	2	9.85	-1	9.86	9.84
29	57528.32	8	9.84	-1	9.86	9.84
29	57549.21	61	9.84	-1	9.86	9.83
29	57549.21	92	9.84	-1	9.86	9.83
29	57560.5	100	9.83	-1	9.86	9.82
29	57560.5	40	9.83	-1	9.86	9.82
29	57577.34	21	9.84	-1	9.87	9.84
29	57596.28	78	9.86	1	9.86	9.84
29	57598.62	100	9.86	1	9.87	9.84
30	34437.19	100	9.9	-1	9.91	9.9
30	34438.32	200	9.9	-1	9.91	9.86
30	34506	100	9.89	-1	9.89	9.87
30	34507.52	300	9.87	-1	9.92	9.86
30	34511.25	100	9.86	-1	9.91	9.77
30	34548.09	2	9.93	1	9.93	9.84
30	34733.37	1	9.87	-1	9.93	9.86
30	34733.37	49	9.86	-1	9.93	9.86
30	35803.24	100	9.85	-1	9.89	9.85
30	36000.98	100	9.83	-1	9.85	9.83
30	36700.16	17	9.86	1	9.87	9.82
30	36854.76	35	9.88	1	9.94	9.85
30	36991.25	100	9.96	1	9.96	9.92
30	36993.34	100	9.96	1	9.99	9.92
30	37212.84	100	9.98	1	9.99	9.92
30	37233.85	100	9.98	1	9.99	9.94
30	37332.24	100	9.95	1	9.96	9.93
30	37363.4	100	9.93	-1	9.99	9.93
30	37422.82	100	9.92	-1	9.98	9.92
30	37422.82	100	9.92	-1	9.98	9.92
30	37446.2	200	9.96	1	9.96	9.91
30	37455.16	100	9.92	-1	9.98	9.91
30	37455.16	100	9.91	-1	9.98	9.91
30	37479.38	200	9.95	1	9.96	9.9
30	37485.21	100	9.91	-1	9.97	9.91
30	37503.01	100	9.91	-1	9.95	9.91
30	37528.85	100	9.91	-1	9.97	9.91
30	37528.85	100	9.91	-1	9.97	9.91
30	37543.26	200	9.94	1	9.95	9.91
30	37619.68	100	9.91	-1	9.97	9.91
30	37845.77	100	9.9	-1	9.95	9.9
30	37845.77	54	9.9	-1	9.95	9.9
30	37879.51	1	9.92	1	9.94	9.9
30	38131.12	100	9.89	-1	9.93	9.89
30	38131.12	100	9.89	-1	9.93	9.89
30	38142.04	100	9.86	-1	9.92	9.86
30	38148.99	100	9.83	-1	9.9	9.83
30	38150.06	200	9.82	1	9.82	9.76
30	38676.07	100	9.84	-1	9.88	9.83
30	41158.91	100	9.92	1	9.92	9.89
30	41583.53	8	9.96	1	9.96	9.92
30	41812.04	41	9.96	1	9.96	9.92
30	42906.04	10	9.98	1	9.98	9.93
30	44773.46	100	9.93	1	9.97	9.93
30	44773.48	8	9.91	-1	9.97	9.91
30	44774.7	92	9.91	1	9.96	9.91
30	46361.21	10	9.96	1	9.96	9.9
30	46425.18	11	9.99	1	9.99	9.94
30	46984.94	100	9.99	-1	10	9.99
30	48158.82	12	9.94	-1	9.98	9.92
30	48158.82	188	9.92	-1	9.98	9.92
30	48158.83	12	9.92	-1	9.97	9.89
30	48670.41	35	9.94	1	9.97	9.94
30	48701.76	100	9.96	-1	9.97	9.92
30	48701.83	65	9.96	-1	9.96	9.93
30	48701.96	100	9.92	-1	9.96	9.91
30	49653.28	100	9.92	-1	9.95	9.92
30	50482.62	100	9.96	-1	9.98	9.93
30	52217.74	100	9.94	1	9.96	9.93
30	52501.88	90	9.95	1	9.96	9.93
30	52501.88	100	9.95	-1	9.96	9.93
30	52509.57	10	9.96	-1	9.96	9.93
30	53167.6	100	9.97	1	9.97	9.93
30	53167.6	100	9.97	1	9.97	9.93
30	53167.6	100	9.97	1	9.97	9.93
30	53734.21	100	9.96	-1	9.97	9.92
30	55258.23	100	9.97	1	9.97	9.95
30	55302.8	4	9.98	1	9.98	9.95
30	55809.4	100	9.97	1	9.97	9.95
30	55830.87	100	9.97	1	9.98	9.95
30	55830.87	100	9.97	1	9.98	9.95
30	56028.59	100	9.98	1	9.98	9.95
30	56033.06	100	9.93	-1	9.96	9.93
30	56033.06	100	9.93	-1	9.96	9.93
30	56033.06	100	9.93	-1	9.96	9.93
30	56506.37	100	9.97	1	9.98	9.94
30	57070.26	100	9.96	1	9.98	9.95
30	57289.06	27	9.96	-1	9.98	9.95
30	57320.02	58	9.96	-1	9.98	9.95
30	57331.02	19	9.98	1	9.98	9.95
30	57375.05	10	9.96	-1	9.98	9.96
30	57377.17	29	9.98	1	9.98	9.96
30	57467.12	200	9.97	1	9.98	9.96
30	57482.21	5	9.96	-1	9.98	9.94
30	57482.21	86	9.96	-1	9.98	9.94
30	57482.21	9	9.96	-1	9.98	9.94
30	57522.81	14	9.97	1	9.98	9.95
30	57529.59	24	9.97	1	9.97	9.94
30	57561.34	24	9.95	-1	9.97	9.94
30	57561.34	76	9.94	-1	9.97	9.94
30	57570.35	100	9.98	1	9.97	9.94
30	57579.33	1	9.97	1	9.98	9.95
30	57586.12	100	9.96	-1	9.98	9.96
30	57588.22	200	9.98	1	9.98	9.95
