day	time	vol	price	buysell	ask	bid
1	34215.97	12	27.47	-1	27.5	27.2
1	34259.53	100	26.98	-1	27.49	26.98
1	34259.53	50	26.98	-1	27.49	26.98
1	34379.89	100	27	1	26.98	26.66
1	34379.89	100	27	1	26.98	26.66
1	34379.91	100	27	1	27.18	26.66
1	34379.91	200	27	1	27.18	26.66
1	34379.91	100	27	1	27.18	26.66
1	34379.91	400	27	1	27.18	26.66
1	34380.55	100	27	1	27	26.99
1	34383.97	315	27.35	1	27.49	26.95
1	34420.95	100	27.32	1	27.33	27.02
1	34427.68	100	27.32	1	27.5	27.02
1	34427.68	80	27.33	1	27.5	27.02
1	34551.6	45	27.2	1	27.22	26.74
1	34862.64	9	27.2	1	27.2	27.07
1	35394.17	100	27.14	1	27.2	27
1	35394.17	100	27.14	1	27.2	27
1	35394.17	115	27.14	1	27.2	27
1	35447.47	100	27.13	-1	27.14	27.01
1	35611.71	100	27.14	1	27.29	27.06
1	35611.71	200	27.14	1	27.29	27.06
1	35635.21	100	27.14	1	27.14	27.09
1	35652.11	100	27.14	1	27.14	27.11
1	35747.34	100	27.11	-1	27.14	27.06
1	35835.59	22	26.98	-1	27.04	26.97
1	35981.81	44	26.99	1	26.99	26.87
1	35991.55	78	26.86	-1	26.91	26.6
1	37186.99	60	26.64	1	26.7	26.57
1	37219.16	100	26.7	1	26.7	26.57
1	37219.16	85	26.7	1	26.7	26.57
1	37395.46	100	26.7	1	26.7	26.61
1	37395.46	15	26.7	1	26.7	26.61
1	37395.46	85	26.7	1	26.7	26.61
1	37395.46	72	26.7	1	26.7	26.61
1	37395.46	28	26.7	1	26.7	26.61
1	37395.46	71	26.7	1	26.7	26.61
1	37401.03	100	26.7	1	26.7	26.66
1	37401.04	100	26.7	1	26.7	26.66
1	37401.04	444	26.7	1	26.7	26.66
1	38175.27	99	26.85	1	26.86	26.8
1	39037.49	4	27.18	1	27.18	26.96
1	39551.03	20	26.96	-1	27.2	26.97
1	40900.84	100	26.97	1	26.97	26.78
1	41012.25	100	26.87	1	26.88	26.87
1	42010.78	100	26.99	1	26.99	26.85
1	44317.3	10	26.9	-1	27.04	26.9
1	44317.38	10	26.89	-1	27.04	26.89
1	47021.83	95	26.87	-1	26.91	26.87
1	47626.74	100	26.85	-1	26.88	26.85
1	47626.74	100	26.85	-1	26.88	26.85
1	49358.1	15	26.8	-1	26.83	26.8
1	50861.56	78	26.93	1	26.93	26.78
1	51723.05	100	26.8	-1	26.91	26.8
1	53286.73	100	26.74	1	26.74	26.59
1	55704.37	76	26.71	1	26.76	26.61
1	55718.12	76	26.73	1	26.76	26.62
1	55828.49	100	26.65	-1	26.75	26.65
1	55828.52	24	26.65	1	26.66	26.65
1	55828.54	100	26.63	-1	26.75	26.63
1	55828.54	100	26.64	1	26.75	26.63
1	55912.82	100	26.55	-1	26.71	26.55
1	55912.83	108	26.54	-1	26.7	26.55
1	55912.84	100	26.46	-1	26.7	26.55
1	56792.96	2	26.29	-1	26.46	26.29
1	57000.08	100	26.2	-1	26.31	26.18
1	57000.08	10	26.2	-1	26.31	26.18
1	57000.08	65	26.2	-1	26.31	26.18
1	57000.11	100	26.17	-1	26.3	26.17
1	57099.56	100	26.1	-1	26.24	26.09
1	57100.79	100	26.09	-1	26.2	26.09
1	57187.48	199	26.075	1	26.14	26.01
1	57292.47	100	26.01	-1	26.12	26.01
1	57352.39	100	26	-1	26.1	26
1	57363.05	10	26	-1	26.1	26
1	57363.05	200	26	-1	26.1	26
1	57427.28	90	26.06	1	26.06	25.96
1	57433.43	100	26	-1	26.07	26
1	57449.78	100	26.01	-1	26.05	26.01
1	57463.77	35	26.01	-1	26.05	26.01
1	57470.05	100	26.02	-1	26.05	26.02
1	57470.05	10	26.02	-1	26.05	26.02
1	57481.71	100	26.02	-1	26.05	26.02
1	57481.71	100	26.02	-1	26.05	26.02
1	57482.34	100	26.02	-1	26.05	26.02
1	57482.34	100	26.02	-1	26.05	26.02
1	57509.88	10	26.03	-1	26.05	26.03
1	57516.88	43	26.03	-1	26.05	26.03
1	57521.01	41	26.01	-1	26.05	25.99
1	57521.01	59	26.03	-1	26.05	25.99
1	57522.42	10	26.03	1	26.05	25.99
1	57522.42	90	26.05	1	26.05	25.99
1	57560.46	100	25.99	-1	26.12	25.99
1	57565.39	100	25.99	-1	26.1	25.99
1	57574.63	100	26	-1	26.11	26
1	57585.05	100	26	-1	26.08	26
1	57585.36	100	25.99	-1	26.08	25.99
2	35141.04	15	25.93	1	25.93	25.72
2	35294.64	3	25.88	1	26.13	25.76
2	35294.64	8	25.88	1	26.13	25.76
2	35828.36	100	25.86	-1	25.94	25.8
2	37086.05	1	25.44	-1	25.75	25.44
2	37596.71	1	25.25	1	25.25	25.17
2	37804.8	100	25.18	-1	25.32	25.18
2	39894.36	50	25.25	-1	25.27	25.2
2	39967.64	100	25.21	-1	25.28	25.21
2	39967.7	30	25.21	-1	25.28	25.2
2	39967.7	70	25.2	-1	25.28	25.2
2	41070.42	100	25.14	-1	25.23	25.07
2	41085.5	100	25.06	1	25.15	25.01
2	41253.86	58	25.04	-1	25.15	25.03
2	41344.65	100	25.05	-1	25.21	25.05
2	41599.58	20	25	-1	25.07	25
2	41599.58	37	25	-1	25.07	25
2	41599.58	43	25	-1	25.07	25
2	41614.26	100	25.035	-1	25.07	25
2	41617.47	100	25	-1	25.06	25
2	41662.13	20	25.03	1	25.03	24.9
2	41867.04	100	24.9	-1	24.96	24.84
2	44141.18	100	24.94	-1	24.99	24.89
2	44142.73	100	24.89	-1	24.99	24.89
2	44142.73	10	24.89	-1	24.99	24.89
2	44142.73	90	24.89	-1	24.99	24.89
2	44188.33	100	25.02	1	25.08	24.98
2	45361.5	100	25	1	25	24.94
2	46691.57	100	25.05	1	25.11	25.01
2	48598.55	100	25.19	1	25.19	25.09
2	49111.11	100	25.29	-1	25.37	25.25
2	49207.47	100	25.3	1	25.37	25.25
2	49776.37	100	25.36	-1	25.39	25.35
2	49784.16	100	25.35	-1	25.39	25.3
2	51438.6	100	25.335	-1	25.38	25.29
2	51438.64	100	25.29	-1	25.38	25.29
2	51672.77	100	25.35	1	25.35	25.26
2	51674.92	100	25.35	1	25.35	25.26
2	51840.69	100	25.4	1	25.4	25.35
2	51840.69	28	25.4	1	25.4	25.35
2	51840.69	72	25.4	1	25.4	25.35
2	52154.81	100	25.35	-1	25.39	25.35
2	52356.33	100	25.38	1	25.38	25.35
2	53424.97	57	25.36	-1	25.48	25.36
2	53424.97	6	25.36	-1	25.48	25.36
2	53424.98	100	25.36	1	25.37	25.36
2	53424.98	37	25.36	1	25.37	25.36
2	56121.7	100	25.39	-1	25.43	25.36
2	56282.32	30	25.38	-1	25.41	25.35
2	56906.95	400	25.41	1	25.44	25.35
2	56906.96	100	25.44	1	25.44	25.35
2	56906.96	100	25.44	1	25.44	25.35
2	56906.96	300	25.44	1	25.44	25.35
2	56907.11	200	25.5	-1	25.44	25.43
2	56907.11	200	25.5	-1	25.44	25.43
2	56907.13	200	25.5	-1	25.44	25.43
2	56907.34	2000	25.5	-1	25.51	25.43
2	56907.69	300	25.5	-1	25.51	25.5
2	57000.19	20	25.35	-1	25.5	25.35
2	57006.79	90	25.48	1	25.49	25.35
2	57269.05	62	25.37	-1	25.49	25.37
2	57441.02	1	25.42	-1	25.48	25.42
2	57485.28	27	25.44	1	25.48	25.41
2	57485.28	73	25.44	1	25.48	25.41
2	57527.21	62	25.41	-1	25.47	25.41
2	57527.24	300	25.45	1	25.47	25.41
2	57593.29	79	25.41	-1	25.48	25.41
3	37137.36	158	24.98	1	24.99	24.78
3	37165.86	100	24.97	1	24.99	24.76
3	37165.91	100	24.97	-1	24.98	24.75
3	37221.53	100	24.99	-1	25.06	24.92
3	37242.62	2	25.02	1	25.06	24.92
3	37242.62	6	25.06	1	25.06	24.92
3	37624.7	200	25	1	25.01	24.85
3	38710.62	100	25.06	1	25.12	25.05
3	38821.68	48	25.06	1	25.14	25.05
3	39001.84	100	25.12	-1	25.24	24.88
3	39913.29	100	25.01	-1	25.11	24.97
3	40120.3	100	24.97	-1	25.09	24.96
3	40596.32	100	24.93	-1	25.08	24.93
3	40670.55	100	24.965	-1	25.06	24.87
3	40706.12	100	24.85	-1	25.06	24.85
3	40825.5	100	25	1	25	24.81
3	40825.5	100	25	1	25	24.81
3	42014.48	100	24.88	-1	25.06	24.88
3	42015.03	100	25.05	1	25.05	24.65
3	42015.03	100	25.05	1	25.05	24.65
3	42015.03	200	25.05	1	25.05	24.65
3	42015.04	100	25.05	1	25.05	24.65
3	42038.19	100	25.03	1	25.17	24.86
3	44918.09	100	25.15	1	25.15	24.95
3	44918.09	100	25.15	1	25.15	24.95
3	44918.09	200	25.15	1	25.15	24.95
3	44918.09	100	25.15	1	25.15	24.95
3	46229.42	100	25.03	-1	25.15	25.03
3	46229.42	100	25.03	-1	25.15	25.03
3	47173.41	19	25.13	1	25.13	24.97
3	47420.44	100	25.07	1	25.13	25
3	47992.77	100	25.12	1	25.12	25
3	47992.82	200	25.15	1	25.15	25.11
3	47992.82	45	25.15	1	25.15	25.11
3	47993.04	100	25.12	-1	25.32	25.12
3	48043.1	100	25.12	-1	25.16	25.01
3	48523.34	100	25.03	-1	25.11	25.03
3	48523.34	100	25.03	-1	25.11	25.03
3	48744.67	18	25	-1	25.02	25
3	48744.67	82	24.94	-1	25.02	25
3	48746.89	100	25.01	1	25.11	25
3	49776.61	100	25	-1	25.11	25
3	50884.52	100	24.98	-1	25.04	24.92
3	50938.05	100	24.97	-1	25.02	24.92
3	51725.84	100	24.99	-1	25.04	24.94
3	51851.07	100	25	1	25	24.9
3	51863.24	100	24.91	-1	24.97	24.91
3	51876.02	255	24.97	1	24.97	24.82
3	51876.02	45	24.96	1	24.97	24.82
3	51876.02	100	24.97	1	24.97	24.82
3	51929.58	4	24.89	-1	25.04	24.89
3	52188.11	100	24.99	1	24.99	24.88
3	52201.89	100	24.98	1	24.98	24.89
3	54947.35	52	25.13	1	25.13	24.96
3	55736.68	100	25	-1	24.94	24.93
3	55736.68	171	24.93	-1	24.94	24.93
3	55736.68	29	24.93	-1	24.94	24.93
3	55737.04	100	24.92	-1	24.94	24.9
3	55737.04	100	24.89	-1	24.94	24.9
3	56656.01	100	24.99	1	24.99	24.86
3	56834.54	90	24.985	-1	25.06	24.91
3	56902.16	56	24.92	-1	25	24.84
3	57000.37	200	24.915	-1	24.98	24.85
3	57000.37	80	24.85	-1	24.98	24.85
3	57000.37	20	24.85	-1	24.98	24.85
3	57020.11	100	24.98	1	24.99	24.85
3	57030.09	91	24.925	-1	25	24.85
3	57035.15	9	24.925	-1	25	24.85
3	57035.18	68	24.92	1	25	24.85
3	57040.15	65	24.925	-1	25	24.85
3	57041.08	100	25	1	25	24.85
3	57045.14	35	24.925	-1	25	24.85
3	57045.15	21	24.92	1	25	24.85
3	57156.68	94	24.93	-1	25.02	24.84
3	57201.3	47	24.91	1	24.96	24.86
3	57225.28	40	24.915	-1	24.98	24.85
3	57230	34	24.915	-1	24.98	24.85
3	57315.1	23	24.88	-1	25.01	24.89
3	57315.1	71	24.88	-1	25.01	24.89
3	57378.61	100	24.99	1	24.99	24.98
3	57378.62	27	24.99	-1	24.99	24.98
3	57436.04	10	24.93	-1	25	24.92
3	57512.39	13	25	1	25.01	24.91
3	57515.02	35	25	-1	25.02	25
3	57515.02	62	25	-1	25.02	25
3	57591.01	200	25.02	1	25.03	25
3	57595.21	100	25	-1	25.03	25
3	57595.29	25	25	-1	25.03	25
6	34262.86	5	24.81	-1	25.27	24.78
6	34620.64	6	25.08	-1	25.54	25.06
6	34692.06	11	25.46	1	25.51	25.06
6	34692.06	23	25.5	1	25.51	25.06
6	34832.63	49	25.29	1	25.39	25.14
6	34971.12	65	24.94	-1	25.24	24.81
6	34971.12	100	24.94	-1	25.24	24.81
6	35095.06	7	25.04	1	25.15	24.82
6	35480.08	8	24.93	-1	24.97	24.86
6	35991.96	98	24.97	1	24.97	24.84
6	36215.08	92	24.87	-1	25.04	24.87
6	36881.29	6	24.8	-1	25.04	24.79
6	38332.54	13	25	1	25	24.82
6	38415.48	100	24.99	1	25	24.87
6	38415.5	100	24.99	-1	25	24.87
6	38759.23	100	24.93	-1	25	24.85
6	38816.91	100	24.93	1	25	24.83
6	39126.28	6	24.93	-1	25	24.86
6	40463.73	193	24.94	1	24.99	24.89
6	40478.68	100	24.99	1	24.99	24.89
6	40478.68	100	24.99	1	24.99	24.89
6	40567.13	100	24.93	-1	25	24.93
6	41541.3	5	24.92	-1	24.99	24.85
6	42177.16	100	24.92	-1	24.98	24.86
6	42199.26	5	24.915	-1	24.98	24.85
6	42621.64	100	24.915	-1	24.98	24.84
6	42898.42	10	24.905	-1	24.98	24.83
6	43263.52	100	24.905	-1	24.98	24.83
6	43272.82	100	24.905	-1	24.98	24.83
6	43500.55	100	24.9	-1	24.97	24.82
6	44437.24	10	24.89	-1	24.96	24.82
6	45737.71	100	24.89	1	24.89	24.78
6	45756.69	100	24.9	1	24.9	24.76
6	45756.69	200	24.9	1	24.9	24.76
6	45756.69	200	24.9	1	24.9	24.76
6	45768.55	100	24.69	-1	24.9	24.69
6	45779.7	100	24.85	1	24.85	24.61
6	45779.7	135	24.86	1	24.85	24.61
6	45779.7	165	24.85	1	24.85	24.61
6	45824.69	100	24.9	1	24.9	24.73
6	45824.69	200	24.9	1	24.9	24.73
6	45824.69	200	24.9	1	24.9	24.73
6	45837.83	200	24.75	1	24.75	24.7
6	45837.83	9	24.75	1	24.75	24.7
6	45837.93	100	24.75	1	24.95	24.58
6	45839.15	109	24.75	1	24.75	24.61
6	45839.15	91	24.75	1	24.75	24.61
6	45841.18	109	24.75	1	24.95	24.63
6	45841.18	91	24.75	1	24.95	24.63
6	45856.97	75	24.75	1	24.93	24.67
6	45866.73	100	24.93	1	24.93	24.67
6	45906.79	100	24.95	1	25	24.74
6	47015.27	10	24.83	-1	24.96	24.83
6	47054.4	100	24.89	-1	24.95	24.83
6	47555.79	100	24.85	-1	24.94	24.85
6	48832.36	1	24.89	-1	24.98	24.8
6	48891.49	100	24.88	-1	24.97	24.79
6	48994.01	100	24.9	1	24.9	24.77
6	50194.14	100	24.915	-1	25	24.83
6	50523.22	1	24.84	-1	24.97	24.79
6	50523.22	4	24.79	-1	24.97	24.79
6	50810.66	100	24.8	-1	24.97	24.8
6	50899.19	100	24.95	1	24.95	24.66
6	51163.96	100	24.81	-1	24.99	24.77
6	51211.22	100	24.95	1	24.95	24.77
6	51422.16	22	25	1	25	24.89
6	51585.87	20	24.87	-1	25	24.87
6	51669.54	100	24.93	1	24.98	24.82
6	51669.54	100	24.98	1	24.98	24.82
6	52147.13	100	24.93	-1	25	24.86
6	52215.34	100	24.84	-1	24.99	24.82
6	52723.38	100	24.93	1	24.98	24.83
6	52751.21	5	24.83	-1	24.98	24.83
6	53271.46	10	24.91	-1	24.96	24.84
6	53302.36	100	24.95	1	24.95	24.79
6	53302.36	300	24.95	1	24.95	24.79
6	53986.61	100	24.915	-1	24.96	24.87
6	54135.41	100	24.94	1	24.98	24.95
6	54135.41	600	24.94	1	24.98	24.95
6	54135.52	200	24.94	-1	24.98	24.78
6	54400.39	100	24.915	-1	24.99	24.84
6	54402.02	100	24.91	-1	24.98	24.84
6	54543.21	100	24.895	-1	24.96	24.82
6	54548.52	100	24.94	1	24.94	24.79
6	54569.48	200	24.93	1	24.93	24.75
6	54570.11	100	24.93	1	24.93	24.78
6	54799.38	1	24.83	-1	24.99	24.83
6	54953.49	79	24.84	-1	24.98	24.83
6	54953.49	21	24.84	1	24.98	24.83
6	55007.5	300	24.92	1	24.92	24.77
6	55260.56	100	24.88	1	24.88	24.71
6	55279.51	200	24.88	1	24.88	24.7
6	55279.52	40	24.88	-1	24.88	24.7
6	55377.22	6	24.78	-1	24.96	24.78
6	55386.57	100	24.93	1	24.93	24.79
6	55626.2	85	24.76	-1	24.87	24.75
6	55626.2	15	24.76	1	24.87	24.75
6	55920.45	6	24.68	-1	24.8	24.67
6	56143.91	100	24.77	-1	24.8	24.77
6	57000.29	100	24.73	-1	24.79	24.73
6	57000.29	100	24.65	-1	24.79	24.73
6	57001.05	200	24.62	1	24.63	24.73
6	57005.33	200	24.64	-1	24.79	24.73
6	57005.33	21	24.64	-1	24.79	24.73
6	57007.3	100	24.72	1	24.79	24.64
6	57007.3	100	24.72	1	24.79	24.64
6	57292.89	97	24.73	1	24.73	24.62
6	57294.08	103	24.73	1	24.77	24.73
6	57323.43	100	24.77	1	24.82	24.69
6	57384.22	3	24.74	-1	24.87	24.73
6	57388.16	25	24.74	-1	24.87	24.73
6	57388.16	75	24.73	-1	24.87	24.73
6	57422.04	32	24.7	-1	24.82	24.7
6	57449.02	25	24.71	-1	24.81	24.7
6	57468.19	62	24.81	1	24.81	24.7
6	57480.29	100	24.71	-1	24.81	24.7
6	57514.24	38	24.81	1	24.81	24.72
6	57514.24	30	24.82	1	24.81	24.72
6	57514.53	70	24.82	1	24.84	24.73
6	57517.64	100	24.83	1	24.83	24.72
6	57559.2	100	24.72	-1	24.83	24.72
6	57599.01	100	24.7	-1	24.82	24.7
6	57599.09	4	24.7	-1	24.82	24.7
7	34379.88	4	25.03	1	25.03	24.57
7	34417.72	100	25.01	-1	25.17	25
7	34485.18	100	25.14	1	25.16	25
7	34568.03	100	24.89	1	24.9	24.5
7	34612.48	100	24.88	1	24.9	24.5
7	34617.58	100	24.9	1	24.96	24.55
7	34742.86	100	25.01	1	25.01	24.71
7	35947.99	7	25.02	1	25.02	24.84
7	36180.13	100	25.02	1	25.02	24.86
7	37046.11	100	25.13	1	25.13	24.93
7	38115.69	28	25.15	1	25.15	24.98
7	38115.69	70	25.15	1	25.15	24.98
7	38490.05	100	25.15	1	25.15	24.99
7	39627	100	25.17	1	25.17	25
7	39627	100	25.17	1	25.17	25
7	40478.05	100	25.06	-1	25.19	25.06
7	40478.05	25	25.06	-1	25.19	25.06
7	42094.21	100	25.19	1	25.19	25.04
7	44871.89	100	24.99	-1	25.12	24.99
7	44871.89	14	24.99	-1	25.12	24.99
7	46773.61	100	24.95	-1	25.11	24.95
7	47950.73	98	25.07	1	25.07	24.9
7	49740.24	100	24.93	-1	25.06	24.93
7	49740.24	100	24.93	-1	25.06	24.93
7	49740.24	200	24.93	-1	25.06	24.93
7	50662.7	5	24.78	-1	24.9	24.78
7	54829.45	100	24.91	-1	25.06	24.91
7	55506.27	100	25.06	1	25.08	24.97
7	55519.67	100	25.13	1	25.13	24.99
7	55672.09	38	25.02	-1	25.13	25.01
7	55672.09	62	25.01	-1	25.13	25.01
7	55751.57	100	25.02	-1	25.15	25.02
7	55827.48	100	24.9	-1	24.98	24.9
7	55827.48	23	24.9	-1	24.98	24.9
7	55827.53	100	24.9	-1	25.06	24.9
7	55831.95	100	24.79	-1	24.97	24.73
7	56942.25	14	24.89	1	24.89	24.76
7	57389.05	31	24.8	1	24.83	24.75
7	57415.18	56	24.74	-1	24.8	24.69
7	57420.18	37	24.74	-1	24.77	24.66
7	57422.07	10	24.76	1	24.8	24.67
7	57467.87	62	24.8	1	24.8	24.69
7	57567.61	100	24.66	-1	24.79	24.66
7	57574.08	86	24.66	-1	24.79	24.66
7	57596.63	7	24.67	-1	24.74	24.65
7	57596.63	93	24.67	-1	24.74	24.65
8	34545.07	26	24.7	1	24.72	24.29
8	36873	1	24.6	1	24.6	24.49
8	36873	99	24.59	1	24.6	24.49
8	36955.67	100	24.6	1	24.63	24.48
8	38458.04	8	24.6	1	24.62	24.51
8	38458.04	90	24.62	1	24.62	24.51
8	39182.87	1	24.68	1	24.68	24.54
8	40741.71	54	24.6	-1	24.66	24.6
8	40924.88	46	24.6	-1	24.63	24.52
8	40924.88	54	24.57	-1	24.63	24.52
8	43060.42	100	24.6	1	24.6	24.52
8	45793.66	100	24.65	-1	24.68	24.56
8	47569.19	7	24.67	1	24.67	24.56
8	49198.61	100	24.55	-1	24.58	24.42
8	49280.53	100	24.57	1	24.57	24.56
8	49280.68	100	24.57	-1	24.66	24.41
8	49292.55	100	24.67	1	24.71	24.47
8	49292.57	100	24.7	-1	24.75	24.7
8	49292.57	100	24.7	-1	24.75	24.7
8	49292.78	100	24.7	-1	24.78	24.7
8	49292.79	100	24.7	-1	24.78	24.7
8	49296	100	24.72	-1	24.79	24.7
8	49347.62	100	24.7	-1	24.78	24.7
8	49347.63	100	24.7	-1	24.79	24.7
8	49400.45	100	24.7	-1	24.76	24.52
8	49400.76	100	24.7	-1	24.76	24.7
8	49400.79	100	24.7	-1	24.76	24.7
8	49458.14	100	24.71	-1	24.74	24.7
8	49458.14	100	24.7	-1	24.74	24.7
8	49458.5	100	24.7	-1	24.72	24.7
8	49458.5	500	24.71	1	24.72	24.7
8	49459.59	22	24.72	1	24.76	24.7
8	50939.44	100	24.78	-1	24.8	24.7
8	51074.59	100	24.72	-1	24.78	24.7
8	51074.6	34	24.7	-1	24.78	24.7
8	51737.67	34	24.7	-1	24.77	24.7
8	51737.67	66	24.7	-1	24.77	24.7
8	51767.48	100	24.7	-1	24.74	24.7
8	51767.48	34	24.7	-1	24.74	24.7
8	51767.48	66	24.7	-1	24.74	24.7
8	51767.5	100	24.7	-1	24.75	24.56
8	51767.5	66	24.7	-1	24.75	24.56
8	54061.22	100	24.64	1	24.71	24.62
8	55791.15	8	24.53	1	24.53	24.38
8	56966.14	100	24.51	1	24.51	24.39
8	56966.14	1	24.51	1	24.51	24.39
8	57000.21	16	24.4	-1	24.53	24.4
8	57000.21	4	24.4	-1	24.53	24.4
8	57000.21	61	24.4	-1	24.53	24.4
8	57000.21	84	24.4	-1	24.53	24.4
8	57285.11	100	24.38	-1	24.41	24.38
8	57285.91	100	24.37	-1	24.41	24.33
8	57335.59	100	24.37	1	24.37	24.32
8	57335.66	100	24.38	1	24.41	24.37
8	57336.83	100	24.37	-1	24.41	24.37
8	57422.08	25	24.35	-1	24.41	24.35
8	57453.03	62	24.36	-1	24.39	24.35
8	57465.4	100	24.35	-1	24.39	24.35
8	57465.4	175	24.35	-1	24.39	24.35
8	57465.4	200	24.35	-1	24.39	24.35
8	57485.73	62	24.32	-1	24.39	24.32
8	57487.51	24	24.32	-1	24.39	24.31
8	57564.26	12	24.37	1	24.37	24.31
8	57576.48	14	24.32	-1	24.37	24.32
8	57580.06	100	24.36	-1	24.36	24.31
8	57586.13	100	24.33	-1	24.37	24.33
8	57587.31	25	24.32	-1	24.36	24.32
8	57587.31	100	24.32	-1	24.36	24.32
9	34808.59	34	24.44	1	24.44	24.33
9	35265.74	66	24.47	1	24.47	24.33
9	35592.68	100	24.49	-1	24.49	24.34
9	35609.96	100	24.34	-1	24.53	24.33
9	36697.62	2	24.33	-1	24.47	24.33
9	37160.95	31	24.43	1	24.43	24.33
9	37160.95	69	24.42	1	24.43	24.33
9	37452.64	100	24.44	1	24.44	24.34
9	37993	100	24.5	1	24.52	24.38
9	38854.15	100	24.53	1	24.53	24.44
9	41792.86	100	24.59	1	24.59	24.5
9	44260.07	2	24.54	-1	24.65	24.54
9	47672.6	100	24.44	-1	24.54	24.41
9	48107.68	100	24.41	1	24.42	24.35
9	48376.58	100	24.39	1	24.55	24.38
9	48376.6	100	24.39	-1	24.55	24.39
9	48536.71	100	24.45	1	24.52	24.39
9	48536.71	100	24.52	1	24.52	24.39
9	48536.71	100	24.52	1	24.52	24.39
9	48536.71	400	24.45	1	24.52	24.39
9	48675.59	100	24.62	-1	24.66	24.62
9	48675.59	100	24.62	-1	24.66	24.62
9	48679.13	93	24.67	-1	24.71	24.67
9	48680.53	7	24.67	-1	24.73	24.57
9	48680.53	93	24.67	-1	24.73	24.57
9	50515.33	100	24.6	1	24.61	24.47
9	50524.12	20	24.71	1	24.71	24.66
9	50540.33	100	24.66	-1	24.78	24.5
9	50842.69	100	24.53	-1	24.65	24.53
9	50894.81	100	24.58	1	24.62	24.41
9	50894.81	200	24.49	1	24.62	24.41
9	50909.76	100	24.61	1	24.61	24.38
9	51590.74	100	24.59	1	24.61	24.48
9	51590.74	100	24.6	-1	24.61	24.48
9	53359.63	100	24.58	1	24.61	24.55
9	53363.1	100	24.64	1	24.64	24.61
9	54400.8	100	24.65	1	24.65	24.49
9	54400.8	100	24.66	1	24.65	24.49
9	54400.82	100	24.66	-1	24.65	24.64
9	54405.56	100	24.71	-1	24.81	24.53
9	54411.75	100	24.81	1	24.82	24.53
9	54411.75	2	24.81	-1	24.82	24.53
9	55030.04	100	24.66	-1	24.78	24.65
9	55202.9	2	24.71	-1	24.82	24.7
9	55202.9	98	24.7	-1	24.82	24.7
9	55831.07	96	24.69	-1	24.81	24.69
9	55920.77	100	24.73	1	24.78	24.69
9	55964.13	100	24.73	1	24.78	24.69
9	55969.74	100	24.78	1	24.78	24.66
9	55969.74	100	24.78	1	24.78	24.66
9	55969.74	100	24.78	1	24.78	24.66
9	55969.74	300	24.78	1	24.78	24.66
9	56332.89	81	24.93	1	24.91	24.81
9	57000.09	100	24.93	1	24.93	24.92
9	57000.09	100	24.93	1	24.93	24.92
9	57000.09	100	24.93	1	24.93	24.92
9	57000.09	100	24.93	1	24.93	24.92
9	57000.09	97	24.94	1	24.93	24.92
9	57001.25	200	24.81	-1	24.92	24.8
9	57001.25	52	24.8	-1	24.92	24.8
9	57168.42	3	24.8	-1	24.92	24.8
9	57241.31	100	24.8	-1	24.92	24.8
9	57331.93	13	24.9	1	24.9	24.81
9	57357.32	13	24.9	1	24.9	24.81
9	57399.64	100	24.84	-1	24.9	24.84
9	57399.64	100	24.84	-1	24.9	24.84
9	57399.64	100	24.84	-1	24.9	24.84
9	57399.67	10	24.83	-1	24.9	24.82
9	57400.53	90	24.83	-1	24.9	24.82
9	57400.59	100	24.82	-1	24.89	24.81
9	57400.6	10	24.81	-1	24.89	24.81
9	57434.04	17	24.87	1	24.89	24.8
9	57435.19	86	24.81	-1	24.89	24.8
9	57479.84	13	24.87	1	24.89	24.8
9	57505.24	85	24.88	1	24.89	24.81
9	57507.28	100	24.81	-1	24.89	24.81
9	57587.94	129	24.8	-1	24.88	24.8
9	57597.17	90	24.8	-1	24.88	24.8
9	57599.32	18	24.87	1	24.87	24.8
10	34334.03	1	24.41	-1	24.88	24.4
10	34452.46	1	24.81	1	24.82	24.7
10	34544.02	45	24.89	1	24.89	24.7
10	35159.97	100	24.9	1	24.9	24.71
10	35539.22	100	24.71	-1	24.88	24.7
10	36289.36	100	24.7	-1	24.82	24.7
10	36289.36	100	24.7	-1	24.82	24.7
10	36289.36	100	24.7	-1	24.82	24.7
10	36289.36	100	24.7	-1	24.82	24.7
10	37368	62	24.7	-1	24.81	24.7
10	38449.51	38	24.7	-1	24.8	24.7
10	38449.51	62	24.7	-1	24.8	24.7
10	38591.75	100	24.78	1	24.78	24.71
10	38591.75	100	24.78	1	24.78	24.71
10	38591.75	100	24.78	1	24.78	24.71
10	38770.5	300	24.71	-1	24.75	24.71
10	38770.56	38	24.7	-1	24.75	24.7
10	38770.56	62	24.7	-1	24.75	24.7
10	38771.01	38	24.7	-1	24.75	24.69
10	38771.01	62	24.7	-1	24.75	24.69
10	38771.01	38	24.7	-1	24.75	24.69
10	38771.01	62	24.7	-1	24.75	24.69
10	38775.49	38	24.7	-1	24.75	24.69
10	38775.49	62	24.7	-1	24.75	24.69
10	39082.63	38	24.7	-1	24.75	24.69
10	39082.63	4	24.7	-1	24.75	24.69
10	39082.63	58	24.69	-1	24.75	24.69
10	39369.48	42	24.69	-1	24.75	24.69
10	39369.48	58	24.69	-1	24.75	24.69
10	39908.91	100	24.69	-1	24.73	24.69
10	39908.91	42	24.69	-1	24.73	24.69
10	39908.91	58	24.69	-1	24.73	24.69
10	39908.93	100	24.69	-1	24.73	24.62
10	39908.93	200	24.69	-1	24.73	24.62
10	39908.94	72	24.69	-1	24.73	24.62
10	43792.05	28	24.32	-1	24.51	24.32
10	43792.05	72	24.33	-1	24.51	24.32
10	44351.83	100	24.39	1	24.39	24.18
10	44351.83	100	24.39	1	24.39	24.18
10	47092.28	100	24.2	-1	24.34	24.2
10	47200.26	100	24.2	-1	24.3	24.2
10	48167.33	11	24.26	1	24.26	24.11
10	49050.35	89	24.26	1	24.27	24.14
10	49050.35	11	24.26	-1	24.27	24.14
10	49050.35	75	24.26	-1	24.27	24.14
10	49176.98	50	24.14	-1	24.27	24.14
10	49201.23	100	24.23	1	24.23	24.11
10	49201.23	100	24.23	1	24.23	24.11
10	50460.82	100	24.24	1	24.24	24.14
10	50855.42	100	24.27	1	24.3	24.18
10	54853.45	25	24.22	-1	24.33	24.19
10	55221.79	100	24.24	-1	24.39	24.24
10	57000.37	50	23.96	-1	24.22	23.97
10	57000.37	50	23.96	-1	24.22	23.97
10	57000.37	50	23.96	-1	24.22	23.97
10	57000.37	100	23.96	-1	24.22	23.97
10	57000.37	100	23.96	-1	24.22	23.97
10	57230.94	32	24.03	1	24.03	23.97
10	57284.07	100	23.97	-1	24.07	23.97
10	57343.9	100	24	1	24.03	23.96
10	57343.9	21	24	1	24.03	23.96
10	57343.9	79	24	1	24.03	23.96
10	57484.98	100	23.95	-1	24	23.87
10	57490.77	100	23.98	1	23.96	23.88
10	57497.17	31	23.89	-1	23.99	23.88
10	57497.17	69	23.94	-1	23.99	23.88
10	57498.02	69	23.89	-1	23.99	23.87
10	57510.2	100	23.87	1	23.97	23.86
10	57531.7	79	23.86	-1	23.95	23.85
10	57573.96	100	23.86	-1	23.95	23.86
10	57596.46	21	23.95	1	23.95	23.86
13	34288.33	21	23.94	-1	24.4	23.91
13	34292.34	21	23.92	-1	24.4	23.91
13	35176.88	21	24.36	1	24.37	24.24
13	35176.88	41	24.37	1	24.37	24.24
13	35883.4	100	24.31	-1	24.36	24.28
13	35898.85	100	24.28	-1	24.35	24.09
13	35939.32	19	24.32	-1	24.37	24.06
13	36831.27	100	24.28	-1	24.29	24.16
13	36873.51	17	24.22	-1	24.29	24.18
13	36873.51	83	24.23	-1	24.29	24.18
13	36884.16	83	24.22	-1	24.29	24.1
13	37816.54	100	24.17	-1	24.29	24.16
13	37816.54	100	24.17	-1	24.29	24.16
13	37816.54	178	24.17	-1	24.29	24.16
13	37816.54	22	24.17	-1	24.29	24.16
13	38918.93	4	24.03	-1	24.18	23.97
13	39015.05	100	23.8	-1	23.97	23.79
13	39015.05	59	23.8	-1	23.97	23.79
13	39015.06	100	23.8	-1	23.97	23.79
13	41320.17	100	23.75	-1	23.76	23.63
13	41433.13	100	23.76	1	23.76	23.73
13	42505.53	100	23.72	-1	23.78	23.64
13	42534.27	91	23.7	-1	23.77	23.63
13	42700.38	18	23.58	-1	23.75	23.58
13	42732.2	9	23.56	-1	23.74	23.56
13	45649.22	100	23.52	1	23.65	23.45
13	46669.35	97	23.56	-1	23.65	23.47
13	47253.38	3	23.49	-1	23.64	23.49
13	48094.97	100	23.61	1	23.62	23.43
13	48483.34	100	23.62	1	23.62	23.45
13	48483.34	100	23.62	1	23.62	23.45
13	48901.41	16	23.54	-1	23.67	23.53
13	48901.41	4	23.54	-1	23.67	23.53
13	50298.11	100	23.67	1	23.81	23.67
13	50851.43	100	23.75	-1	23.91	23.75
13	51235.19	100	23.89	1	23.89	23.77
13	53303.32	100	23.77	-1	23.83	23.77
13	53953.47	100	23.83	1	23.81	23.81
13	53953.49	1400	23.85	-1	23.83	23.81
13	53953.61	38	23.85	-1	23.92	23.68
13	54766.23	14	23.79	1	23.81	23.64
13	54864.01	86	23.79	1	23.81	23.75
13	54864.02	5	23.79	-1	23.81	23.75
13	55403.03	35	23.86	-1	24.05	23.85
13	56359.07	100	23.86	-1	23.98	23.86
13	56360.75	100	23.86	-1	23.98	23.86
13	56364	2997	23.85	-1	23.98	23.84
13	56364	3	23.86	-1	23.98	23.84
13	56365.28	3	23.85	-1	23.95	23.77
13	56388.68	100	23.78	-1	23.79	23.75
13	56460.07	100	23.63	-1	23.65	23.63
13	56461.44	74	23.64	1	23.65	23.63
13	56473.31	100	23.65	1	23.66	23.63
13	56504.95	100	23.66	1	23.66	23.63
13	56546.25	100	23.6	-1	23.66	23.6
13	56558.11	100	23.64	1	23.66	23.65
13	56558.11	100	23.64	1	23.66	23.65
13	56561.57	31	23.65	-1	23.66	23.65
13	56568.44	100	23.73	-1	23.78	23.73
13	56569.2	100	23.78	1	23.78	23.66
13	56569.2	100	23.78	1	23.78	23.66
13	56569.2	100	23.78	1	23.78	23.66
13	56569.2	100	23.78	1	23.78	23.66
13	56571.45	100	23.78	-1	23.79	23.78
13	56571.46	100	23.78	-1	23.79	23.78
13	56571.46	200	23.78	-1	23.79	23.78
13	56571.46	100	23.78	-1	23.79	23.78
13	56571.46	400	23.78	-1	23.79	23.78
13	56573.05	100	23.79	1	23.79	23.7
13	56573.05	49	23.79	1	23.79	23.7
13	56583.54	100	23.85	-1	23.94	23.76
13	56583.64	100	23.85	-1	23.94	23.85
13	56596.66	100	23.85	-1	23.89	23.85
13	56599.5	100	23.85	-1	23.89	23.85
13	56602.65	100	23.85	-1	23.89	23.85
13	56602.66	100	23.85	-1	23.89	23.76
13	56603.37	100	23.85	-1	23.89	23.85
13	56604.4	100	23.85	-1	23.89	23.85
13	56615.5	100	23.85	-1	23.89	23.85
13	56615.5	100	23.85	-1	23.89	23.85
13	56615.57	100	23.85	-1	23.89	23.85
13	56620.27	100	23.85	-1	23.89	23.85
13	56620.27	100	23.85	-1	23.89	23.85
13	56626.6	100	23.85	-1	23.88	23.85
13	56626.6	100	23.85	-1	23.88	23.85
13	56627.36	100	23.85	-1	23.88	23.85
13	56669.62	100	23.85	-1	23.87	23.85
13	56669.62	100	23.85	-1	23.87	23.85
13	56685.89	100	23.86	1	23.87	23.85
13	56708.19	100	23.85	-1	23.87	23.77
13	56718.52	6	23.85	-1	23.87	23.77
13	56745.74	100	23.85	-1	23.86	23.85
13	56745.74	6	23.85	-1	23.86	23.85
13	56745.74	94	23.85	-1	23.86	23.85
13	56751.76	100	23.86	1	23.86	23.85
13	56758.22	100	23.85	-1	23.87	23.85
13	56772.79	100	23.85	-1	23.87	23.85
13	56772.79	100	23.85	-1	23.87	23.85
13	56796.85	100	23.86	1	23.87	23.85
13	56830.62	100	23.88	1	23.89	23.85
13	56867.85	14	23.86	-1	23.94	23.85
13	56886.01	1100	23.92	-1	23.93	23.92
13	56886.16	100	23.93	1	23.93	23.92
13	56886.16	900	23.93	1	23.93	23.92
13	56891.76	2	23.86	-1	23.93	23.85
13	56937.07	100	23.92	1	23.92	23.85
13	56937.08	100	23.93	1	23.92	23.86
13	56937.08	53	23.94	1	23.92	23.86
13	56937.09	100	23.95	1	23.92	23.86
13	56937.09	100	24	1	23.92	23.86
13	56937.09	100	24	1	23.92	23.86
13	57005.21	2	23.9	-1	24.01	23.89
13	57007.42	2	23.88	-1	23.98	23.88
13	57008.34	2	23.87	-1	23.98	23.88
13	57009.59	2	23.87	-1	23.98	23.88
13	57016.68	26	23.87	-1	23.98	23.87
13	57016.68	300	23.88	-1	23.98	23.87
13	57040.56	100	23.96	1	23.95	24
13	57040.56	100	23.98	1	23.95	24
13	57040.56	89	23.98	1	23.95	24
13	57040.56	100	23.99	1	23.95	24
13	57041.83	100	24.01	1	23.99	24
13	57042.05	74	24.01	1	24.01	24
13	57044.84	2	23.86	-1	24.01	23.86
13	57046.79	2	23.85	-1	24	23.85
13	57048.3	2	23.85	-1	23.99	23.85
13	57054.47	657	23.86	-1	23.99	23.85
13	57062.53	100	23.99	1	24	23.86
13	57062.54	100	24	1	24	23.86
13	57062.54	100	24	1	24	23.86
13	57070.58	543	23.9	-1	24.01	23.87
13	57113.1	100	24	1	24	23.88
13	57139.51	84	24.02	1	24.02	23.89
13	57448.06	100	23.95	-1	24.01	23.95
13	57503.99	100	23.93	-1	24	23.93
13	57503.99	40	23.93	-1	24	23.93
13	57572.04	91	23.99	1	23.98	23.9
13	57592.82	100	23.96	1	23.96	23.9
13	57598.2	55	23.96	1	23.96	23.9
14	34477.02	119	24.34	1	24.35	24.08
14	34477.02	81	24.34	1	24.35	24.08
14	34628.04	8	24.11	-1	24.34	24.11
14	34782.98	100	24.34	1	24.34	24.14
14	34782.98	19	24.34	1	24.34	24.14
14	35792.74	125	24.35	1	24.52	24.25
14	38121.05	4	24.3	-1	24.47	24.3
14	41305.68	13	24.3	-1	24.41	24.3
14	43023.2	100	24.33	-1	24.47	24.33
14	46022.04	100	24.53	1	24.64	24.51
14	47539.64	11	24.64	1	24.65	24.53
14	47552.45	100	24.68	1	24.69	24.68
14	47552.86	115	24.69	1	24.7	24.68
14	49861.71	100	24.72	1	24.79	24.69
14	53417.77	100	25.1	1	25.1	24.99
14	53417.79	53	25.1	1	25.1	24.99
14	53423.03	100	25.16	1	25.18	25.01
14	56404.2	29	25.37	1	25.37	25.17
14	56527.21	31	25.36	1	25.37	25.24
14	56527.21	69	25.37	1	25.37	25.24
14	56527.21	24	25.37	1	25.37	25.24
14	56853.88	100	25.2	1	25.2	25.13
14	56857.89	100	25.2	1	25.2	25.17
14	56858.79	200	25.2	1	25.2	25.17
14	56858.79	300	25.2	1	25.2	25.17
14	56862.68	100	25.2	1	25.28	25.19
14	56973.14	900	25.18	1	25.18	25.15
14	57000.09	100	25.23	1	25.23	25.15
14	57000.09	100	25.23	1	25.23	25.15
14	57000.09	100	25.24	1	25.23	25.15
14	57000.09	100	25.24	1	25.23	25.15
14	57000.11	100	25.24	1	25.23	25.15
14	57000.64	20	25.23	-1	25.26	25.15
14	57000.64	280	25.23	-1	25.26	25.15
14	57011.41	100	25.26	1	25.26	25.16
14	57011.73	24	25.29	1	25.29	25.16
14	57467.7	41	25.41	1	25.41	25.28
14	57519.12	1	25.41	1	25.42	25.31
14	57519.12	1	25.41	1	25.42	25.31
14	57597.04	274	25.4	-1	25.4	25.39
15	34699.36	102	24.97	1	25.14	24.69
15	34699.36	16	24.97	1	25.14	24.69
15	35076.02	100	25.15	1	25.22	25.16
15	35076.02	100	25.16	1	25.22	25.16
15	35076.02	15	25.16	1	25.22	25.16
15	35076.06	100	25.16	-1	25.32	25.16
15	35076.1	87	25.16	-1	25.36	25.16
15	35099.79	198	25.91	1	25.93	25.33
15	35131.79	100	25.92	1	25.92	25.17
15	35131.79	100	25.95	1	25.92	25.17
15	35131.79	300	25.93	1	25.92	25.17
15	35131.79	87	25.95	1	25.92	25.17
15	35440.03	4	25.58	1	25.86	25.48
15	35440.04	4	25.58	1	25.86	25.48
15	35713.09	292	25.58	1	25.58	25.34
15	35713.09	8	25.58	1	25.58	25.34
15	37270.53	27	25.88	-1	26.02	25.87
15	37835.67	57	26.01	1	26.01	25.87
15	37863.77	43	26.08	1	26.09	25.87
15	38156.33	100	26.07	1	26.07	26
15	38156.33	98	26.07	1	26.07	26
15	38156.33	22	26.07	1	26.07	26
15	38156.33	2	26.07	1	26.07	26
15	38156.33	72	26.07	1	26.07	26
15	38156.33	99	26.07	1	26.07	26
15	39311.04	100	26.18	1	26.19	26.06
15	40163.46	2	26.12	-1	26.2	26.1
15	41219.43	100	26.17	1	26.18	26.03
15	41219.43	100	26.18	1	26.18	26.03
15	41219.43	57	26.18	1	26.18	26.03
15	41219.64	7	26.19	-1	26.2	26.18
15	41219.64	85	26.2	-1	26.2	26.18
15	41225.5	9	26.23	-1	26.22	26.02
15	41229.24	75	26.28	-1	26.34	26.03
15	42285.59	90	26.08	1	26.09	26
15	42591.32	10	26	1	26.1	26
15	42766.85	10	25.88	-1	26.01	25.87
15	42805.77	100	26	1	26.02	25.86
15	42984.8	10	25.93	-1	26.02	25.92
15	43530.04	100	26.01	1	26.04	25.87
15	43530.04	60	26.02	1	26.04	25.87
15	43622.19	57	26.04	1	26.04	25.88
15	43622.28	1	26.06	1	26.04	25.89
15	43854.02	10	25.92	-1	26.08	25.91
15	43999.78	10	25.93	-1	26.07	25.92
15	44037.43	10	25.93	-1	26.07	25.92
15	44128.78	10	25.94	-1	26.07	25.93
15	44269.21	10	25.94	-1	26.07	25.93
15	44322.2	10	25.91	-1	26.06	25.9
15	44343.34	10	25.91	-1	26.06	25.89
15	44601.45	10	25.9	-1	26.03	25.89
15	44704.46	10	25.9	-1	26.03	25.89
15	44895.91	100	26.02	1	26.02	25.88
15	46409.02	100	26.02	1	26.03	25.9
15	46752.28	10	25.91	-1	26.03	25.9
15	48202.73	214	25.95	-1	26.02	25.91
15	48202.73	86	25.96	-1	26.02	25.91
15	49245.34	100	26.01	1	26.02	25.92
15	49245.34	4	26.03	1	26.02	25.92
15	50123.33	58	26	1	26.01	25.92
15	50208.18	100	26.01	1	26.01	25.93
15	51930.88	14	25.99	1	26	25.94
15	51930.89	52	26	1	26	25.94
15	52011.93	48	26	1	26	25.94
15	52011.93	52	26	1	26	25.94
15	52152.89	39	26	1	26	25.94
15	52152.89	61	26	1	26	25.94
15	52273.4	100	26.02	1	26.03	25.94
15	52273.4	7	26.03	1	26.03	25.94
15	52273.4	96	26.03	1	26.03	25.94
15	52304.16	100	26.075	1	26.1	26.05
15	52304.17	597	26.1	1	26.1	26.05
15	52304.77	900	26.1	1	26.12	26.05
15	52920.82	200	26.15	1	26.15	26.05
15	52920.82	3	26.1	1	26.15	26.05
15	52920.82	97	26.15	1	26.15	26.05
15	52922.17	100	26.16	1	26.17	26.08
15	53056.53	100	26.16	1	26.17	26.1
15	53102.94	100	26.11	-1	26.16	26.11
15	53188.25	100	26.09	1	26.09	26.04
15	54133.33	100	26.1	1	26.14	26.03
15	54337.34	100	26.14	1	26.15	26.14
15	54337.34	100	26.15	1	26.15	26.14
15	54337.34	300	26.15	1	26.15	26.14
15	54576.84	2	26.06	-1	26.17	26.06
15	54576.84	8	26.07	-1	26.17	26.06
15	55138.4	100	26.05	1	26.05	26.02
15	55140.48	100	26.09	1	26.09	26.02
15	55141.68	100	26.1	1	26.11	26.02
15	55741.91	100	26.13	1	26.14	26.09
15	56001.54	45	26.15	1	26.15	26.09
15	56001.54	55	26.15	1	26.15	26.09
15	56006.31	10	26.1	-1	26.15	26.09
15	56501.61	700	26.13	1	26.13	26.09
15	56681.28	29	26.1	-1	26.15	26.09
15	56782.57	100	26.15	1	26.15	26.09
15	56782.57	100	26.15	1	26.15	26.09
15	56985.71	39	26.09	-1	26.14	26.08
15	56985.71	61	26.1	-1	26.14	26.08
15	57000.08	100	26.1	-1	26.1	26.09
15	57000.08	61	26.09	-1	26.1	26.09
15	57000.08	22	26.08	-1	26.1	26.09
15	57000.08	78	26.08	-1	26.1	26.09
15	57012.51	200	26.09	1	26.09	26.02
15	57131.6	264	26.1	1	26.1	26.05
15	57133.27	200	26.1	1	26.1	26.05
15	57135.27	100	26.1	1	26.1	26.05
15	57302.84	100	26.08	1	26.11	26.08
15	57302.84	36	26.08	1	26.11	26.08
15	57302.86	550	26.11	1	26.1	26.05
15	57418.24	100	26.05	-1	26.11	26.05
15	57435.05	26	26.05	-1	26.1	26.05
15	57441.07	74	26.05	-1	26.1	26.05
15	57502.8	100	26.09	1	26.1	26.05
15	57502.8	300	26.1	1	26.1	26.05
15	57502.8	400	26.09	1	26.1	26.05
15	57502.86	93	26.1	1	26.1	26.05
15	57502.87	107	26.1	1	26.1	26.05
15	57510.58	100	26.09	1	26.09	26.06
15	57510.58	100	26.1	1	26.09	26.06
15	57519.12	32	26.085	-1	26.11	26.06
15	57534.68	15	26.07	-1	26.11	26.06
15	57584.04	100	26.09	-1	26.11	26.07
15	57585.74	22	26.08	-1	26.11	26.07
15	57592.63	100	26.11	1	26.11	26.07
15	57595.01	290	26.11	1	26.11	26.07
15	57596.16	200	26.11	1	26.12	26.07
15	57598.21	60	26.11	1	26.12	26.07
15	57598.21	9	26.12	1	26.12	26.07
16	34202.55	100	26.42	1	26.45	26
16	34202.55	22	26.44	1	26.45	26
16	34232.13	100	26.14	-1	26.41	26.1
16	34232.13	1	26.11	-1	26.41	26.1
16	34416.02	40	26.3	-1	26.33	26.3
16	34450.46	52	26.13	-1	26.33	26.11
16	34479.56	38	26.3	1	26.3	26.11
16	34684.03	21	26.17	-1	26.45	26.15
16	34789.05	21	26.17	-1	26.42	26.15
16	35024.02	4	26.17	-1	26.41	26.15
16	35849.5	21	26.36	1	26.42	26.35
16	35849.5	2	26.36	1	26.42	26.35
16	36456.79	100	26.39	1	26.39	26.35
16	36456.79	100	26.39	1	26.39	26.35
16	36494.7	100	26.4	1	26.42	26.35
16	36596.13	100	26.45	1	26.45	26.37
16	36596.68	900	26.45	1	26.46	26.37
16	37542.49	100	26.5	1	26.51	26.41
16	37542.49	85	26.5	1	26.51	26.41
16	37542.5	15	26.51	1	26.53	26.41
16	38182.21	100	26.62	1	26.61	26.45
16	38182.21	100	26.62	1	26.61	26.45
16	38182.28	100	26.79	1	26.61	26.45
16	38182.28	100	26.84	1	26.61	26.45
16	38182.29	100	26.79	1	26.61	26.45
16	39617.23	100	26.76	1	26.8	26.59
16	39653.11	300	26.76	-1	26.8	26.76
16	39653.11	100	26.76	-1	26.8	26.76
16	40419.78	100	26.76	1	26.77	26.63
16	40707.32	100	26.74	1	26.75	26.64
16	40749.95	100	26.74	1	26.75	26.66
16	40751.07	100	26.74	1	26.75	26.66
16	40801.14	100	26.74	1	26.75	26.67
16	40845.16	100	26.74	1	26.75	26.67
16	41778.3	100	26.77	1	26.8	26.69
16	41778.3	100	26.79	1	26.8	26.69
16	44589.76	400	26.8	1	26.8	26.77
16	44589.76	100	26.8	1	26.8	26.77
16	44639.59	100	26.8	1	26.8	26.77
16	44647.23	500	26.8	1	26.8	26.77
16	44647.76	100	26.8	1	26.8	26.77
16	44650.63	100	26.8	1	26.8	26.77
16	44653.05	100	26.8	1	26.8	26.77
16	44956.37	100	26.77	-1	26.8	26.77
16	44969.46	100	26.8	1	26.93	26.77
16	45068.47	43	26.94	1	26.94	26.77
16	45068.47	57	26.94	1	26.94	26.77
16	45068.49	100	26.95	1	26.94	26.77
16	45125.14	100	26.78	-1	26.98	26.78
16	45125.14	18	26.78	-1	26.98	26.78
16	45125.14	82	26.78	-1	26.98	26.78
16	45125.14	18	26.78	-1	26.98	26.78
16	45125.14	100	26.79	-1	26.98	26.78
16	46097.85	10	26.85	1	26.91	26.78
16	48983.05	9	26.81	1	26.84	26.78
16	50893.64	100	26.67	-1	26.75	26.67
16	51383.78	10	26.68	1	26.69	26.56
16	51656.41	15	26.6	-1	26.64	26.56
16	51869.94	11	26.52	-1	26.66	26.52
16	51988.35	100	26.51	-1	26.61	26.51
16	51988.35	100	26.51	-1	26.61	26.51
16	51988.35	100	26.51	-1	26.61	26.51
16	52425.8	100	26.48	-1	26.6	26.47
16	52462.71	100	26.52	1	26.52	26.42
16	52462.71	80	26.52	1	26.52	26.42
16	55580.67	100	26.5	-1	26.7	26.5
16	55580.67	100	26.5	-1	26.7	26.5
16	55669.63	100	26.61	1	26.66	26.47
16	55669.63	100	26.66	1	26.66	26.47
16	55669.75	100	26.66	-1	26.66	26.65
16	55669.87	100	26.65	-1	26.66	26.5
16	55669.87	100	26.66	-1	26.66	26.5
16	56246.05	100	26.64	1	26.64	26.54
16	56259.32	100	26.56	-1	26.73	26.56
16	56259.32	100	26.56	-1	26.73	26.56
16	56259.32	100	26.56	-1	26.73	26.56
16	56259.32	100	26.56	-1	26.73	26.56
16	56944.89	100	26.5	-1	26.72	26.5
16	56944.89	200	26.5	-1	26.72	26.5
16	56944.9	100	26.5	-1	26.72	26.5
16	56979.64	40	26.49	-1	26.72	26.47
16	56979.64	51	26.48	-1	26.72	26.47
16	57024.16	14	26.48	-1	26.71	26.47
16	57098.05	100	26.63	1	26.63	26.53
16	57098.55	100	26.63	1	26.64	26.55
16	57105.65	100	26.62	-1	26.69	26.53
16	57105.65	69	26.62	-1	26.69	26.53
16	57241.45	100	26.54	-1	26.68	26.53
16	57243.41	100	26.53	-1	26.67	26.53
16	57243.41	100	26.53	-1	26.67	26.53
16	57243.41	40	26.53	-1	26.67	26.53
16	57245.22	100	26.52	-1	26.64	26.47
16	57245.22	40	26.52	-1	26.64	26.47
16	57245.22	60	26.52	-1	26.64	26.47
16	57266.98	100	26.61	1	26.63	26.54
16	57267	100	26.63	1	26.72	26.54
16	57267.09	56	26.54	-1	26.73	26.54
16	57391.17	100	26.55	-1	26.73	26.53
16	57391.17	31	26.55	-1	26.73	26.53
16	57392.35	40	26.52	-1	26.73	26.5
16	57392.36	100	26.5	-1	26.73	26.47
16	57413.93	35	26.48	-1	26.73	26.43
16	57413.93	65	26.47	-1	26.73	26.43
16	57424.04	3	26.47	-1	26.73	26.43
16	57426.17	4	26.47	-1	26.73	26.43
16	57480.19	100	26.73	1	26.73	26.46
16	57542.92	100	26.48	-1	26.72	26.48
16	57573.05	100	26.48	-1	26.71	26.48
16	57573.07	100	26.48	-1	26.71	26.48
16	57595.17	100	26.61	1	26.61	26.55
16	57595.46	100	26.64	1	26.64	26.62
16	57595.7	200	26.62	-1	26.66	26.49
16	57598.89	100	26.63	1	26.63	26.55
16	57599.05	400	26.66	1	26.66	26.64
16	57599.07	100	26.64	-1	26.66	26.64
16	57599.52	44	26.49	-1	26.65	26.49
16	57599.66	100	26.55	-1	26.65	26.55
17	34791.34	14	26.77	-1	27	26.77
17	35444.59	100	27.08	-1	27.27	27.08
17	35513.32	100	27.05	-1	27.27	27.03
17	35517.17	100	27.03	-1	27.25	27
17	37089.87	32	27.14	1	27.15	26.91
17	37847.86	100	26.95	1	27	26.95
17	37899.34	100	26.9	-1	27	26.86
17	38208.37	100	26.9	-1	26.99	26.9
17	38208.6	100	26.885	-1	27	26.77
17	38335.31	100	26.89	-1	27	26.78
17	39389.56	100	26.88	-1	26.91	26.85
17	39430.11	100	26.91	1	26.91	26.86
17	39552.1	91	26.86	-1	26.91	26.85
17	39552.1	9	26.85	-1	26.91	26.85
17	43043.14	100	26.91	1	26.91	26.88
17	44760.59	100	26.84	-1	26.91	26.76
17	45089.59	100	26.9	-1	26.91	26.82
17	45089.75	100	26.9	-1	26.91	26.82
17	45089.92	100	26.9	-1	26.91	26.83
17	45090.07	100	26.9	-1	26.91	26.82
17	45090.25	100	26.9	-1	26.91	26.82
17	45090.77	100	26.9	-1	26.91	26.82
17	45092.32	100	26.84	-1	26.91	26.81
17	45095.99	100	26.84	-1	26.91	26.82
17	45096.04	100	26.84	-1	26.91	26.82
17	45096.04	100	26.84	-1	26.91	26.82
17	45096.05	100	26.84	-1	26.91	26.82
17	45096.05	100	26.84	-1	26.91	26.82
17	45096.05	100	26.84	-1	26.91	26.82
17	45096.61	18	26.83	-1	26.91	26.82
17	45340.63	56	26.83	-1	26.89	26.78
17	45340.74	100	26.78	-1	26.88	26.78
17	50069.8	100	26.72	-1	26.86	26.72
17	50070.24	100	26.75	-1	26.78	26.75
17	50072.36	13	26.77	1	26.78	26.66
17	50239.63	100	26.66	-1	26.78	26.66
17	50240.79	100	26.66	-1	26.78	26.65
17	50635.89	79	26.65	-1	26.78	26.63
17	53577.26	100	26.78	1	26.78	26.66
17	53577.26	100	26.78	1	26.78	26.66
17	53659.13	100	26.78	1	26.86	26.78
17	53683.07	100	26.93	-1	27	26.93
17	53687.27	100	27	1	27.01	26.8
17	53687.27	100	27	1	27.01	26.8
17	53687.27	50	27	1	27.01	26.8
17	53687.27	100	27	1	27.01	26.8
17	53687.29	100	27	-1	27.02	27.01
17	53687.29	700	27	-1	27.02	27.01
17	53687.29	100	27.01	1	27.02	27.01
17	53687.29	100	27.02	1	27.02	27.01
17	53691.52	100	27.1	-1	27.1	27.09
17	53729.43	100	27	-1	27.1	27
17	53750.13	100	27	-1	27.09	27
17	53853.49	100	27	-1	27.08	27
17	54313.52	1000	27	-1	27.08	27
17	54314.32	400	27	-1	27.07	27
17	54316.29	100	27	-1	27.07	27
17	54330.58	247	27	-1	27.07	26.89
17	54330.58	53	27	-1	27.07	26.89
17	54910.52	100	26.88	-1	26.99	26.88
17	54910.87	400	26.87	-1	26.89	26.76
17	55047.08	100	26.73	-1	26.79	26.73
17	55048.27	38	26.75	-1	26.79	26.69
17	55064.47	100	26.72	-1	26.76	26.7
17	57000.3	100	26.72	-1	26.78	26.71
17	57432.04	4	26.68	-1	26.78	26.68
17	57476.13	6	26.69	-1	26.78	26.69
20	34328.47	144	26.61	-1	26.79	26.61
20	34675.73	1	26.62	-1	26.75	26.61
20	34713.05	10	26.62	-1	26.75	26.61
20	35171.08	1	26.79	1	26.79	26.62
20	36272.8	100	26.7	-1	26.8	26.69
20	36272.81	31	26.69	-1	26.8	26.68
20	39460.02	100	26.72	1	26.74	26.66
20	39460.02	8	26.72	1	26.74	26.66
20	40911.52	40	26.8	1	26.82	26.75
20	40911.52	60	26.82	1	26.82	26.75
20	44011.26	100	26.83	-1	26.94	26.83
20	44058.45	100	26.91	1	26.91	26.84
20	44223.84	100	26.93	1	26.95	26.9
20	47338.26	100	26.91	-1	27	26.91
20	49481.16	89	27.09	1	27.09	26.97
20	50181.47	100	27.01	-1	27.09	27.01
20	50194.96	100	27.01	1	27.06	26.98
20	50194.96	200	27.01	1	27.06	26.98
20	52439.31	100	27.03	-1	27.09	27.03
20	54684.92	100	27.11	-1	27.14	27.08
20	54684.92	100	27.11	-1	27.14	27.08
20	55094.05	100	27.09	-1	27.11	27.08
20	56193.54	100	27.11	1	27.11	27.07
20	56409.61	31	27.13	1	27.14	27.06
20	56580.75	13	27.14	1	27.14	27.09
20	56601.51	100	27.11	-1	27.14	27.1
20	56989.58	100	27.03	-1	27.11	27.02
20	57000.32	100	26.97	-1	27.06	26.97
20	57010.36	57	26.97	-1	27	26.94
20	57011.05	43	26.99	1	27.08	26.98
20	57011.05	57	27	1	27.08	26.98
20	57011.05	43	27	1	27.08	26.98
20	57225.23	100	27	-1	27.02	26.98
20	57225.23	100	27	-1	27.02	26.98
20	57225.23	100	27	-1	27.02	26.98
20	57309.09	18	26.99	1	27	26.97
20	57356.19	43	26.97	-1	26.99	26.97
20	57356.19	57	26.97	-1	26.99	26.97
20	57375.66	93	26.97	-1	26.99	26.92
20	57405.91	26	26.95	1	26.98	26.92
20	57413.02	100	26.945	1	26.97	26.92
20	57417.05	16	26.945	1	26.97	26.92
20	57434.55	24	26.93	1	26.94	26.92
20	57443.2	100	26.93	1	26.94	26.92
20	57443.25	169	26.93	1	26.94	26.92
20	57443.25	31	26.94	1	26.94	26.92
20	57447.78	19	26.92	-1	26.97	26.92
20	57475.88	24	26.94	1	26.97	26.92
20	57478.19	45	26.92	-1	26.97	26.89
20	57526.46	62	26.98	1	26.98	26.89
20	57553.57	31	27.04	1	27.09	26.93
20	57558.04	100	27.07	1	27.07	26.93
20	57563.23	100	27.06	1	27.07	26.94
20	57585.19	33	27.06	1	27.06	26.94
20	57599.21	30	26.95	-1	27.01	26.95
20	57599.21	40	26.95	-1	27.01	26.95
21	34759.74	2	27.26	1	27.27	27.07
21	36549.88	61	27.185	1	27.25	27.12
21	38218.91	100	27.19	-1	27.25	27.18
21	38383.18	100	27.24	1	27.25	27.18
21	38383.18	100	27.25	1	27.25	27.18
21	38383.18	100	27.25	1	27.25	27.18
21	38383.19	100	27.24	1	27.27	27.18
21	38507.2	20	27.28	1	27.28	27.21
21	42764.32	100	27.34	-1	27.5	27.34
21	43644.3	100	27.3	-1	27.36	27.3
21	45192.36	100	27.27	-1	27.36	27.27
21	45192.36	8	27.27	-1	27.36	27.27
21	45192.44	92	27.27	-1	27.35	27.21
21	45783.51	12	27.22	-1	27.32	27.22
21	47517.97	100	27.19	-1	27.26	27.19
21	47517.97	100	27.19	-1	27.26	27.19
21	47871.22	100	27.16	-1	27.23	27.16
21	47871.22	100	27.16	-1	27.23	27.16
21	48881.31	10	27.09	-1	27.18	27.09
21	49525.2	180	27.13	1	27.13	27.06
21	49525.5	100	27.06	-1	27.17	27.06
21	49971.19	100	27.05	-1	27.18	27.05
21	51017.89	100	27.05	-1	27.14	27.04
21	51977.93	6	27.05	1	27.12	27.01
21	52775.57	6	27.05	1	27.12	27.01
21	53046.63	100	27.04	-1	27.12	27.02
21	53496.82	100	27.01	-1	27.11	26.99
21	53709.53	100	27.01	-1	27.1	27
21	53801.08	100	27.01	-1	27.1	27
21	54224.29	8	27	-1	27.09	26.93
21	54405.18	100	27.01	-1	27.08	27.01
21	54775.53	100	27.01	-1	27.08	26.98
21	55067.96	92	27	-1	27.08	26.93
21	55296.05	7	26.91	-1	27.04	26.89
21	55533.2	100	26.95	1	26.95	26.89
21	55788.26	100	26.9	-1	27.01	26.89
21	56014.74	8	26.83	-1	26.96	26.82
21	56266.97	8	26.81	-1	26.93	26.8
21	56448.11	100	26.88	1	26.92	26.82
21	56448.12	100	26.88	1	26.92	26.82
21	56649.39	1	26.8	-1	26.97	26.8
21	56649.39	7	26.8	-1	26.97	26.8
21	56724.01	100	26.94	1	26.94	26.79
21	56941.77	1	26.99	1	26.99	26.88
21	57000.09	100	26.98	-1	27.04	26.89
21	57000.19	100	26.98	-1	27.04	26.89
21	57002.22	100	26.9	-1	27.08	26.89
21	57069.81	10	26.89	-1	27.03	26.89
21	57350.3	100	27	1	27	26.9
21	57381.27	100	26.99	1	27	26.9
21	57411.17	100	26.99	1	26.99	26.91
21	57437.02	58	26.98	1	27	26.92
21	57442.07	14	27	1	27	26.92
21	57442.07	41	26.99	1	27	26.92
21	57449	14	27	1	27	26.92
21	57449	86	27	1	27	26.92
21	57455.49	14	27	1	27	26.92
21	57455.49	86	27	1	27	26.92
21	57480.15	85	26.92	-1	26.98	26.92
21	57513.32	100	26.98	1	26.98	26.92
21	57537.12	2	26.96	1	26.97	26.92
21	57576.08	100	26.97	1	26.97	26.92
21	57585.05	100	26.92	-1	26.97	26.92
21	57589.17	100	26.97	1	26.97	26.92
21	57590.17	100	26.97	-1	26.97	26.92
21	57594.08	100	26.98	1	26.98	26.93
21	57594.08	100	26.98	1	26.98	26.93
21	57594.61	106	26.98	-1	26.98	26.97
22	34256.19	200	26.84	1	26.86	26.42
22	35178.02	1	26.64	-1	26.85	26.63
22	35557.45	94	26.83	1	26.84	26.78
22	36941.4	100	26.75	1	26.74	26.55
22	36941.4	200	26.75	1	26.74	26.55
22	39410.99	100	26.72	1	26.72	26.64
22	39410.99	100	26.72	1	26.72	26.64
22	42376.41	100	26.64	-1	26.71	26.56
22	43305.08	100	26.7	1	26.7	26.57
22	43305.08	100	26.7	1	26.7	26.57
22	43668.37	100	26.6	-1	26.7	26.6
22	43668.37	100	26.6	-1	26.7	26.6
22	46312.73	100	26.52	-1	26.63	26.51
22	47378.85	10	26.59	1	26.61	26.51
22	47618.21	21	26.52	-1	26.6	26.51
22	48004.27	100	26.52	-1	26.58	26.51
22	49356.9	93	26.59	1	26.59	26.52
22	49533.14	100	26.65	1	26.65	26.6
22	49533.14	100	26.65	1	26.65	26.6
22	49533.26	100	26.65	1	26.65	26.61
22	49533.26	100	26.65	1	26.65	26.61
22	49533.29	100	26.65	1	26.77	26.6
22	49572.82	75	26.65	1	26.77	26.65
22	49847.26	100	26.64	-1	26.76	26.61
22	49847.26	200	26.64	-1	26.76	26.61
22	50046.96	100	26.61	-1	26.73	26.61
22	50563.71	100	26.7	1	26.7	26.63
22	51907.59	11	26.74	1	26.74	26.64
22	52094.68	100	26.74	1	26.82	26.64
22	52303.89	100	26.76	-1	26.76	26.75
22	54036.71	100	26.52	-1	26.64	26.51
22	54037.97	100	26.51	-1	26.63	26.51
22	54038.79	100	26.51	-1	26.63	26.5
22	54066.6	400	26.32	-1	26.48	26.29
22	54078.31	100	26.45	1	26.45	26.29
22	54092.83	500	26.36	-1	26.5	26.33
22	54093.62	100	26.5	1	26.5	26.33
22	54094.99	100	26.5	1	26.5	26.34
22	54106.89	4	26.33	-1	26.49	26.32
22	54123.03	100	26.48	1	26.48	26.32
22	54174.31	100	26.45	1	26.45	26.34
22	54177.61	100	26.45	1	26.46	26.3
22	54177.65	100	26.46	1	26.46	26.31
22	54182.01	100	26.46	1	26.46	26.35
22	54183.21	100	26.46	1	26.47	26.35
22	54183.23	100	26.47	1	26.47	26.35
22	54188.09	100	26.36	-1	26.47	26.35
22	54208.66	200	26.43	1	26.44	26.35
22	54211.65	3	26.36	-1	26.43	26.35
22	54212.14	3	26.36	-1	26.43	26.35
22	54215.1	3	26.36	-1	26.43	26.35
22	54221.73	600	26.37	-1	26.43	26.35
22	54244.23	98	26.43	1	26.43	26.35
22	54255.08	100	26.43	1	26.43	26.36
22	54255.16	100	26.45	1	26.45	26.43
22	54263.58	3	26.43	-1	26.5	26.36
22	54276.28	200	26.42	-1	26.5	26.36
22	54285.27	100	26.45	1	26.45	26.34
22	54288.21	3	26.44	-1	26.45	26.34
22	54295.98	97	26.45	1	26.45	26.38
22	54307.06	100	26.44	1	26.45	26.4
22	54308.55	3	26.45	1	26.45	26.4
22	54308.55	97	26.45	1	26.45	26.4
22	54344.12	1603	26.4	-1	26.48	26.38
22	54344.12	97	26.41	-1	26.48	26.38
22	54349.56	97	26.4	-1	26.47	26.38
22	54370.29	3	26.45	-1	26.45	26.29
22	54370.29	97	26.36	-1	26.45	26.29
22	54383.18	100	26.44	1	26.45	26.33
22	54387.36	100	26.47	1	26.47	26.47
22	54399.92	3	26.37	-1	26.47	26.36
22	54408.38	2	26.41	-1	26.45	26.4
22	54411.2	200	26.47	1	26.48	26.41
22	54415.5	2	26.41	-1	26.5	26.4
22	54425.03	2	26.42	-1	26.48	26.4
22	54425.8	100	26.48	1	26.49	26.4
22	54425.8	2	26.47	1	26.49	26.4
22	54426.92	2	26.42	-1	26.49	26.41
22	54433.07	2	26.42	-1	26.51	26.41
22	54438.68	2	26.42	-1	26.51	26.41
22	54439.58	2	26.42	-1	26.51	26.42
22	54447.07	100	26.47	1	26.5	26.43
22	54447.07	100	26.5	1	26.5	26.43
22	54456.5	3	26.5	1	26.52	26.42
22	54490.46	6	26.46	1	26.56	26.43
22	54610.85	10	26.44	-1	26.55	26.44
22	54703.59	1	26.53	1	26.54	26.43
22	54704.64	1	26.53	1	26.54	26.43
22	54705.72	1	26.53	1	26.54	26.43
22	54710.9	1	26.53	1	26.56	26.46
22	54712.04	1	26.53	1	26.56	26.46
22	54723.13	37	26.46	-1	26.56	26.45
22	54738.59	1	26.54	1	26.55	26.43
22	54739.57	1	26.54	1	26.55	26.43
22	54740.47	1	26.54	1	26.55	26.43
22	54749.27	1	26.54	1	26.55	26.45
22	54777.71	100	26.4	-1	26.51	26.39
22	54777.71	96	26.39	-1	26.51	26.39
22	54916.02	100	26.38	-1	26.48	26.38
22	54916.02	100	26.38	-1	26.48	26.38
22	55928.56	99	26.02	-1	26.25	26.01
22	56282.67	200	26.13	1	26.13	26.01
22	57095.59	100	26.01	-1	26.06	26
22	57111.59	100	26	-1	26.03	25.92
22	57119.3	100	25.81	-1	25.91	25.77
22	57201.45	100	25.87	1	25.88	25.83
22	57211.46	15	25.87	1	25.87	25.83
22	57216.02	100	25.71	-1	25.86	25.7
22	57376.58	100	25.84	1	25.84	25.77
22	57376.58	100	25.84	1	25.84	25.77
22	57376.6	100	25.81	1	25.81	25.77
22	57378.57	100	25.85	1	25.86	25.77
22	57421.04	13	25.79	-1	25.84	25.77
22	57435.74	78	25.82	1	25.82	25.77
22	57531.59	100	25.81	1	25.81	25.78
22	57564.46	10	25.795	-1	25.83	25.76
22	57595.33	19	25.83	1	25.83	25.76
22	57595.33	81	25.83	1	25.83	25.76
23	34440.05	100	25.5	-1	25.86	25.32
23	34440.06	100	25.5	-1	25.86	25.32
23	34440.06	700	25.5	-1	25.86	25.32
23	34485.79	2	25.5	-1	25.88	25.5
23	34864.05	5	25.5	-1	25.79	25.1
23	34921.26	4	25.5	-1	25.79	25.12
23	37158.56	11	25.43	-1	25.64	25.42
23	37158.56	89	25.5	-1	25.64	25.42
23	39177.4	27	25.25	-1	25.48	25.24
23	39355.98	100	25.47	1	25.48	25.26
23	39355.98	100	25.48	1	25.48	25.26
23	39355.98	3	25.47	1	25.48	25.26
23	39355.98	97	25.48	1	25.48	25.26
23	39356.11	100	25.48	1	25.49	25.27
23	39359.67	100	25.5	1	25.51	25.48
23	40588.53	100	25.55	1	25.63	25.51
23	41730.14	26	25.65	1	25.73	25.65
23	41731.78	100	25.75	1	25.75	25.7
23	41850.47	100	25.75	-1	25.77	25.57
23	41850.48	100	25.75	-1	25.77	25.75
23	41854.34	200	25.78	1	25.79	25.58
23	41854.34	100	25.78	1	25.79	25.58
23	41854.35	200	25.78	1	25.79	25.59
23	41854.36	100	25.79	1	25.79	25.59
23	41859.4	200	25.86	1	25.86	25.65
23	41942.06	100	25.87	1	25.88	25.86
23	41942.06	100	25.87	-1	25.88	25.86
23	41944.34	100	25.86	-1	25.88	25.86
23	41944.36	100	25.86	-1	25.88	25.86
23	41944.36	200	25.86	-1	25.88	25.86
23	41944.36	100	25.86	-1	25.88	25.86
23	41944.36	200	25.86	-1	25.88	25.86
23	41944.37	100	25.86	-1	25.88	25.86
23	41944.37	100	25.86	-1	25.88	25.86
23	41959.16	100	25.98	-1	26.06	25.98
23	41960.1	100	26	-1	26.06	26
23	41975.34	100	26	-1	26.13	26
23	41979.65	100	26	-1	26.13	26
23	41991.35	100	26	-1	26.12	26
23	42000.17	100	26	-1	26.12	26
23	42007.33	100	26	-1	26.11	26
23	42008.35	100	26	-1	26.09	26
23	42021.14	100	26	-1	26.09	26
23	42024.35	100	26	-1	26.09	26
23	42038.87	100	26	-1	26.08	26
23	42041.78	100	26	-1	26.07	26
23	42042.35	100	26	-1	26.07	26
23	42058.35	100	26	-1	26.06	26
23	42074.38	100	26	-1	26.05	26
23	42094.78	100	26	-1	26.06	26
23	42454.09	100	26.01	-1	26.03	26
23	42454.09	100	26	-1	26.03	26
23	42456	100	26	-1	26.03	26
23	42456.03	100	26.03	1	26.03	26
23	43711.34	20	26.01	-1	26.1	26
23	44615.55	43	26.01	-1	26.1	26
23	44615.55	57	26	-1	26.1	26
23	44655.25	43	26	-1	26.09	26
23	44655.25	57	26	-1	26.09	26
23	44660.25	43	26	-1	26.09	26
23	44660.25	57	26	-1	26.09	26
23	45055.17	63	25.87	-1	26.03	25.87
23	46303.55	3	26.02	1	26.07	26.02
23	46303.55	13	26.03	1	26.07	26.02
23	46642.14	13	26.05	1	26.07	26.05
23	47059.36	100	26.15	1	26.15	26.14
23	47067.45	100	26.25	-1	26.36	26.25
23	48145.43	100	26.26	-1	26.37	26.25
23	48153.22	2000	26.25	-1	26.37	26.25
23	48179.25	100	26.33	1	26.33	26.26
23	48179.3	100	26.33	1	26.37	26.26
23	48694.88	100	26.37	1	26.38	26.26
23	48696.59	61	26.39	1	26.51	26.4
23	48711.83	800	26.31	-1	26.5	26.28
23	48719.34	179	26.33	-1	26.46	26.28
23	48944.2	88	26.44	1	26.44	26.29
23	50336.02	100	26.37	1	26.39	26.27
23	50341.41	100	26.39	1	26.39	26.29
23	50424.95	1	26.29	-1	26.41	26.29
23	50425.63	100	26.41	1	26.41	26.3
23	50441.78	100	26.46	-1	26.49	26.3
23	50445.25	2	26.5	1	26.51	26.3
23	53907.33	2	26.5	1	26.6	26.49
23	53910.96	177	26.49	-1	26.61	26.49
23	53910.96	200	26.49	-1	26.61	26.49
23	53911.09	23	26.49	-1	26.61	26.41
23	53982.67	100	26.53	1	26.56	26.37
23	53987.54	100	26.56	1	26.56	26.39
23	54981.95	100	26.77	1	26.77	26.6
23	54981.95	200	26.77	1	26.77	26.6
23	55081.81	100	26.86	1	26.86	26.68
23	56684.16	38	26.88	-1	27.02	26.88
23	56760.25	100	27.01	1	27.02	26.9
23	56775.61	100	27	1	27.02	26.95
23	56775.62	100	27	1	27	26.95
23	56790.97	100	27	1	27	26.95
23	56883.34	39	27.02	1	27.02	26.98
23	56883.34	461	27.02	1	27.02	26.98
23	56915.37	39	27.02	1	27.1	26.98
23	56915.79	100	27.11	1	27.21	27
23	56974.36	100	27.3	-1	27.5	27.3
23	56974.36	139	27.3	-1	27.5	27.3
23	57121.36	100	27.43	-1	27.5	27.43
23	57121.36	100	27.43	-1	27.5	27.43
23	57137.91	100	27.44	-1	27.5	27.44
23	57137.91	100	27.44	-1	27.5	27.44
23	57137.91	500	27.44	-1	27.5	27.44
23	57162.7	200	27.45	-1	27.5	27.44
23	57178.16	100	27.44	-1	27.5	27.44
23	57178.16	751	27.44	-1	27.5	27.44
23	57179.9	30	27.32	-1	27.49	27.19
23	57304.42	100	27.165	1	27.47	26.83
23	57304.42	100	27.45	1	27.47	26.83
23	57498.61	4	27.17	-1	27.31	27.17
23	57516.56	77	27.21	-1	27.31	27.21
23	57579.21	100	27.18	-1	27.3	27.16
23	57597.88	200	27.3	1	27.3	27.17
23	57597.88	200	27.3	1	27.3	27.17
23	57597.88	289	27.3	1	27.3	27.17
23	57597.88	400	27.3	1	27.3	27.17
23	57598.48	100	27.27	1	27.28	27.2
24	34200.53	100	27.3	1	27.3	27.29
24	34200.82	100	27.3	1	27.5	27.29
24	34593.9	100	27.49	1	27.5	27.32
24	34593.9	100	27.49	1	27.5	27.32
24	34593.9	100	27.49	1	27.5	27.32
24	34593.9	100	27.49	1	27.5	27.32
24	34593.94	200	27.5	1	27.73	27.32
24	34624.55	1	27.52	-1	27.72	27.51
24	34728.07	1	27.7	1	27.71	27.5
24	35568.83	100	27.6	1	27.71	27.52
24	37335.76	2	27.73	1	27.74	27.62
24	39254.02	100	27.76	1	27.76	27.7
24	39848.95	100	27.93	1	27.94	27.82
24	40530.47	50	27.94	1	28	27.86
24	40531.61	100	27.95	-1	27.97	27.86
24	40744.57	93	27.97	-1	28	27.88
24	41044.92	64	27.99	1	28	27.97
24	41045.36	164	28	1	28	27.97
24	41045.36	36	27.99	1	28	27.97
24	41045.37	603	28	1	28	27.98
24	41060.45	54	28.1	1	28.25	28.1
24	41123.39	38	28.1	-1	28.23	28
24	41123.39	69	28.11	-1	28.23	28
24	41123.39	93	28.11	-1	28.23	28
24	41204.63	81	28.15	1	28.15	27.99
24	41204.71	100	28.15	1	28.15	27.99
24	41371.8	100	28.19	-1	28.39	28.18
24	41634.88	100	28.16	-1	28.39	28.01
24	41634.88	2	28.16	-1	28.39	28.01
24	42418.23	250	28.29	1	28.32	28.11
24	42482.94	46	28.17	-1	28.37	28.17
24	42516.73	100	28.165	1	28.35	27.98
24	42516.73	100	28.34	1	28.35	27.98
24	42516.73	100	28.35	1	28.35	27.98
24	42516.73	100	28.35	1	28.35	27.98
24	42516.73	51	28.37	1	28.35	27.98
24	43077.98	2	28.24	-1	28.34	28.1
24	43515.56	100	28.22	-1	28.33	28.06
24	43621.86	1	28.05	-1	28.18	28.03
24	43747.26	100	28.09	1	28.1	27.92
24	43960.25	100	28.14	-1	28.15	27.78
24	43962.22	100	28.14	-1	28.15	27.91
24	45333.73	32	28.14	1	28.25	28.14
24	45333.73	52	28.13	1	28.25	28.14
24	45376.7	200	28.14	-1	28.24	28.14
24	45652.06	3	28.29	1	28.3	28.11
24	46897.14	1	28.19	1	28.2	28.16
24	47042.02	100	28.19	-1	28.27	28.16
24	47042.02	100	28.2	-1	28.27	28.16
24	47096.47	100	28.19	-1	28.28	27.9
24	47096.48	66	28.19	-1	28.28	27.81
24	47214.8	76	28.25	1	28.26	28.24
24	47307.47	100	28.27	1	28.28	28.22
24	47941.5	56	28.24	-1	28.35	28.22
24	48172.84	66	28.33	1	28.34	28.21
24	49739.52	100	28.31	-1	28.35	28.26
24	49948.04	100	28.29	-1	28.35	28.26
24	50746.82	100	28.2	-1	28.29	28.04
24	50746.82	33	28.2	-1	28.29	28.04
24	50746.82	67	28.22	-1	28.29	28.04
24	51927.86	3	28.2	-1	28.32	27.99
24	54788.46	100	28.04	1	28.04	27.95
24	54918.83	100	27.97	-1	28.04	27.76
24	55017.72	15	27.89	-1	28.04	27.88
24	55111.43	55	27.9	-1	28.04	27.9
24	55147.77	1	27.91	-1	28.04	27.92
24	55360.64	100	28	1	28.01	27.79
24	55400.36	100	28	1	28.01	27.81
24	55744.8	55	27.88	1	28	27.88
24	55777.96	1	27.78	-1	27.99	27.78
24	56103.75	41	27.78	-1	27.94	27.79
24	56126.01	100	27.77	-1	27.93	27.79
24	56252.68	10	27.79	-1	27.91	27.78
24	57000.08	40	27.925	1	28.01	27.84
24	57000.08	100	28.01	1	28.01	27.84
24	57000.08	100	28.01	1	28.01	27.84
24	57000.08	100	28.01	1	28.01	27.84
24	57000.08	100	28.01	1	28.01	27.84
24	57000.08	100	28.01	1	28.01	27.84
24	57000.08	100	28.03	1	28.01	27.84
24	57000.08	100	28.03	1	28.01	27.84
24	57000.08	100	28.05	1	28.01	27.84
24	57000.08	1	28.02	1	28.01	27.84
24	57000.26	13	27.94	-1	28.09	27.85
24	57000.26	87	27.95	-1	28.09	27.85
24	57082.13	100	28.05	1	28.06	27.87
24	57091.77	100	27.92	-1	28.05	27.89
24	57198.36	100	27.89	-1	27.98	27.75
24	57198.36	100	27.89	-1	27.98	27.75
24	57239.32	100	27.97	1	27.97	27.85
24	57262.16	100	28.02	1	28.03	27.91
24	57278.21	100	28.03	1	28.03	27.95
24	57308.17	100	28.01	1	28.04	27.98
24	57308.99	10	27.98	-1	28.04	27.98
24	57328.26	100	28.04	1	28.09	27.99
24	57368.33	37	28.09	1	28.09	28.01
24	57402.15	100	28.09	1	28.09	28.01
24	57423.03	22	28.01	-1	28.09	28.01
24	57444.15	100	28.09	1	28.09	28.01
24	57481.14	90	28.09	1	28.09	28.03
24	57482.44	250	28.09	1	28.1	28.03
24	57482.55	100	28.03	-1	28.1	28.03
24	57482.56	100	28.03	-1	28.1	28.03
24	57529.52	50	28.05	-1	28.1	28.05
24	57556.01	12	28.12	1	28.12	28.06
24	57556.01	88	28.09	1	28.12	28.06
24	57567.01	100	28.09	1	28.09	28.06
24	57579.05	100	28.07	1	28.09	28.06
24	57579.16	100	28.07	1	28.09	28.06
24	57590.28	100	28.13	1	28.19	28.07
24	57590.28	100	28.15	1	28.19	28.07
24	57590.29	100	28.18	1	28.19	28.07
24	57590.29	50	28.19	1	28.19	28.07
24	57594.55	200	28.1	1	28.11	28.1
24	57596.08	170	28.11	1	28.11	28.09
24	57598.06	100	28.11	1	28.11	28.09
24	57599.18	130	28.11	1	28.11	28.09
24	57599.18	163	28.11	1	28.11	28.09
27	34977.51	100	28.025	1	28.11	27.94
27	35158.01	100	28.07	1	28.11	28.03
27	35400.82	26	28.07	1	28.11	28.03
27	35400.82	4	28.1	1	28.11	28.03
27	35400.82	70	28.1	1	28.11	28.03
27	35520.39	2	28.11	1	28.25	28.03
27	35520.39	30	28.1	1	28.25	28.03
27	35520.39	4	28.1	1	28.25	28.03
27	35550.83	98	28.11	1	28.26	28.04
27	35829.02	25	28.15	1	28.22	28.03
27	36977.11	100	28.05	-1	28.19	28.05
27	37744.66	100	28.1	1	28.1	28.03
27	37744.66	100	28.1	1	28.1	28.03
27	37744.66	100	28.1	1	28.1	28.03
27	37744.89	30	28.14	1	28.14	28.04
27	37770.13	12	28.19	1	28.19	28.04
27	37867.56	4	28.12	-1	28.19	28.11
27	38564.85	100	28.11	-1	28.19	28.04
27	38696.33	100	28.1	1	28.1	28.05
27	38703.11	39	28.1	1	28.19	28.05
27	39867.17	70	28.17	1	28.17	28.1
27	40267.37	99	28.07	-1	28.14	28.07
27	42813.26	10	28.37	1	28.38	28.2
27	44233.74	100	28.22	-1	28.38	28.2
27	44933.52	100	28.23	-1	28.33	28.2
27	44935.55	100	28.21	1	28.33	28.2
27	45211.65	36	28.36	1	28.36	28.21
27	45695.38	27	28.38	1	28.38	28.21
27	45695.38	9	28.38	1	28.38	28.21
27	46829.09	100	28.21	-1	28.36	28.2
27	47653.59	28	28.19	-1	28.31	28.19
27	47706.09	100	28.3	-1	28.31	28.19
27	48818.35	36	28.17	-1	28.29	28.17
27	50846.42	200	28.28	1	28.29	28.15
27	51116.66	1	28.31	1	28.36	28.27
27	51759.99	100	28.4	1	28.42	28.35
27	55227.41	6	28.53	1	28.53	28.42
27	55239.23	10	28.59	1	28.59	28.43
27	56877.61	10	28.6	1	28.6	28.46
27	56999	88	28.51	-1	28.58	28.51
27	57000.03	100	28.58	1	28.67	28.59
27	57000.03	100	28.58	1	28.67	28.59
27	57000.08	11	28.6	-1	28.69	28.58
27	57000.08	89	28.59	-1	28.69	28.58
27	57090.61	38	28.67	1	28.68	28.57
27	57212.51	61	28.67	1	28.67	28.46
27	57310.7	24	28.605	1	28.67	28.54
27	57322.68	2	28.6	1	28.66	28.54
27	57326.68	62	28.6	1	28.66	28.54
27	57388.35	85	28.6	1	28.66	28.54
27	57467.14	50	28.54	-1	28.66	28.54
27	57588.19	87	28.64	1	28.64	28.53
28	34337.88	100	28.77	-1	28.92	28.47
28	34366.63	13	28.92	1	28.92	28.46
28	34875.59	100	28.65	-1	28.91	28.65
28	34926.9	100	28.65	-1	28.91	28.65
28	35015.69	66	28.65	-1	28.91	28.65
28	37581.45	5	28.81	1	28.83	28.79
28	37581.45	95	28.83	1	28.83	28.79
28	37975.25	100	28.92	1	28.93	28.91
28	38015.98	88	28.92	1	28.93	28.91
28	38036.36	100	28.92	1	28.93	28.91
28	38132.99	100	28.91	-1	28.93	28.91
28	38412.15	6	28.92	1	28.93	28.72
28	41682.88	1	28.91	1	28.92	28.81
28	41684.52	150	28.93	1	28.93	28.82
28	41685.11	100	28.99	1	29	28.82
28	41685.11	40	29	1	29	28.82
28	41687.54	12	28.97	1	29.06	28.84
28	44970.23	2	28.92	-1	29.05	28.92
28	47333.9	12	28.9	-1	29.05	28.9
28	47411.18	100	28.97	1	29.05	28.93
28	47473.37	47	28.93	-1	29.05	28.93
28	47958.05	46	28.99	-1	29.06	28.99
28	48126.02	49	28.99	-1	29.06	28.99
28	48184.05	29	28.99	-1	29.06	28.99
28	49015.01	62	28.94	-1	29.05	28.94
28	49015.11	100	28.94	-1	29.03	28.94
28	49015.11	300	28.94	-1	29.03	28.94
28	55535.63	210	29.02	-1	29.06	29.02
28	55756.29	200	29.02	-1	29.06	28.97
28	55823.36	100	29.05	-1	29.06	29.05
28	55826.36	100	29.06	1	29.06	29.05
28	55830.26	100	29.08	1	29.1	29.09
28	55835.51	1000	29.14	1	29.14	29.01
28	55835.51	81	29.14	1	29.14	29.01
28	56409.02	52	29.18	1	29.25	29.12
28	56411.19	10	29.25	1	29.25	29.13
28	56479.18	100	29.25	1	29.25	29.15
28	56479.18	100	29.25	1	29.25	29.15
28	56479.18	200	29.25	1	29.25	29.15
28	56479.27	100	29.25	-1	29.27	29.24
28	56483.29	200	29.26	1	29.26	29.15
28	56500.41	100	29.37	1	29.41	29.37
28	56503.59	100	29.47	1	29.48	29.38
28	56508.8	200	29.46	-1	29.59	29.46
28	56510.82	100	29.5	-1	29.59	29.5
28	56524.81	100	29.5	-1	29.61	29.5
28	56525.88	100	29.5	-1	29.61	29.5
28	56530.91	4	29.5	-1	29.61	29.5
28	56541.81	104	29.51	-1	29.61	29.5
28	56541.81	96	29.5	-1	29.61	29.5
28	56597.07	100	29.58	1	29.61	29.51
28	56624.59	100	29.56	-1	29.69	29.56
28	56763.52	5	29.64	-1	29.69	29.64
28	56769.3	200	29.64	-1	29.69	29.63
28	56841.57	100	29.69	1	29.69	29.66
28	56858.72	100	29.79	1	29.87	29.72
28	56870.32	1	29.87	1	29.88	29.72
28	56870.32	3	29.88	1	29.88	29.72
28	56877.14	100	29.78	-1	29.89	29.78
28	56882.07	100	29.77	-1	29.88	29.76
28	56883.09	4	29.81	1	29.81	29.61
28	56890.41	5	29.82	1	29.82	29.61
28	56896.86	4	29.85	1	29.85	29.61
28	56919.86	4	29.84	1	29.84	29.68
28	56937.15	4	29.83	1	29.83	29.61
28	56977.27	152	29.76	-1	29.83	29.74
28	57000.3	300	29.81	1	29.81	29.61
28	57000.31	100	29.81	1	29.81	29.61
28	57144.2	31	29.88	1	29.88	29.73
28	57164.72	100	29.81	-1	29.88	29.79
28	57172.51	100	29.81	-1	29.87	29.78
28	57257.77	100	29.85	1	29.85	29.8
28	57257.79	200	29.85	1	29.89	29.85
28	57257.87	100	29.85	-1	29.89	29.85
28	57260.45	250	29.89	1	29.89	29.85
28	57260.45	127	29.9	-1	29.89	29.85
28	57262.86	100	29.92	1	29.93	29.76
28	57262.87	100	29.93	1	29.94	29.76
28	57262.87	100	29.94	1	29.94	29.76
28	57262.88	38	29.95	1	29.94	29.95
28	57262.88	400	29.93	1	29.94	29.95
28	57263.26	100	29.97	1	29.97	29.95
28	57263.26	100	29.97	1	29.97	29.95
28	57266.93	42	30	1	30	29.81
28	57266.93	643	30	1	30	29.81
28	57464.32	77	30	1	30	29.81
28	57484.73	134	30	1	30	29.83
28	57498.26	1	29.98	-1	29.99	29.9
28	57498.26	91	29.9	-1	29.99	29.9
28	57536.03	20	29.89	1	29.9	29.81
28	57536.09	77	29.88	-1	29.9	29.81
28	57538.52	100	29.9	1	29.95	29.81
28	57546.35	100	29.89	1	29.89	29.86
28	57546.36	100	29.89	1	29.89	29.86
28	57546.36	200	29.89	1	29.89	29.86
28	57546.37	100	29.89	1	29.98	29.86
28	57594.07	296	29.89	-1	29.98	29.88
28	57594.07	4	29.89	-1	29.98	29.88
29	34326.87	2	29.94	1	29.98	29.03
29	34326.87	100	29.98	-1	29.98	29.03
29	34326.87	64	29.98	-1	29.98	29.03
29	34377.97	100	29.35	1	29.6	29.14
29	34918.02	69	29.37	-1	29.59	29.36
29	35119.5	31	29.37	-1	29.43	29.36
29	35119.5	69	29.36	-1	29.43	29.36
29	35129.48	100	29.38	-1	29.48	29.36
29	35153.2	100	29.39	-1	29.46	29.39
29	35187.36	100	29.4	-1	29.45	29.4
29	35187.45	100	29.4	-1	29.45	29.22
29	35306.92	100	29.42	-1	29.48	29.41
29	35306.92	46	29.41	-1	29.48	29.41
29	35306.94	46	29.41	-1	29.47	29.17
29	35306.94	54	29.41	-1	29.47	29.17
29	35306.94	54	29.41	-1	29.47	29.17
29	35322.51	100	29.43	-1	29.45	29.43
29	35336.95	100	29.43	-1	29.48	29.21
29	35703.27	105	29.45	1	29.5	29.45
29	35707.51	100	29.5	-1	29.6	29.5
29	35709.41	100	29.55	-1	29.62	29.55
29	35731.96	100	29.65	-1	29.71	29.65
29	35745.06	100	29.83	1	29.83	29.47
29	35745.06	100	29.83	1	29.83	29.47
29	35745.06	200	29.83	1	29.83	29.47
29	35745.06	100	29.82	1	29.83	29.47
29	38167.83	100	29.93	-1	29.95	29.93
29	38176.4	100	29.99	-1	30	29.99
29	38176.56	46	30	-1	30	29.99
29	38566.61	15	30.055	-1	30.12	29.99
29	40082.73	198	30.075	-1	30.12	30.03
29	40164.2	100	30.18	1	30.2	30.05
29	40164.29	100	30.18	1	30.32	30.06
29	40164.32	100	30.2	-1	30.26	30.2
29	40176.35	200	30.25	-1	30.39	30.25
29	40225.09	70	30.28	1	30.37	30.25
29	40229.49	200	30.25	-1	30.36	30.25
29	40229.5	50	30.25	-1	30.36	30.25
29	43937.75	3	30.32	1	30.41	30.23
29	46786.52	100	30.35	1	30.36	30.25
29	46786.73	100	30.35	1	30.36	30.25
29	46796.1	50	30.31	-1	30.3	30.25
29	46842.25	100	30.275	-1	30.3	30.25
29	47179.13	56	30.31	-1	30.36	30.26
29	47618.73	100	30.33	-1	30.35	30.31
29	49327.02	3	30.45	1	30.45	30.4
29	49328.31	1	30.45	1	30.45	30.4
29	49328.6	1	30.45	1	30.45	30.4
29	49328.91	1	30.45	1	30.45	30.4
29	49329.24	1	30.45	1	30.45	30.4
29	49335.41	1	30.47	1	30.51	30.4
29	49336.25	1	30.48	1	30.51	30.4
29	49336.83	1	30.51	1	30.51	30.4
29	49345.24	1	30.54	1	30.54	30.45
29	49345.98	1	30.54	1	30.54	30.45
29	49346.71	1	30.54	1	30.54	30.45
29	49351.28	1	30.56	1	30.56	30.48
29	49359.23	1	30.56	1	30.56	30.5
29	49359.73	1	30.56	1	30.56	30.5
29	49360.54	1	30.56	1	30.56	30.5
29	49364.25	1	30.56	1	30.56	30.5
29	49367.13	1	30.56	1	30.56	30.5
29	49369.34	1	30.56	1	30.56	30.5
29	49371.64	1	30.56	1	30.56	30.48
29	49378.57	1	30.56	1	30.56	30.49
29	49393.88	224	30.48	1	30.56	30.48
29	49393.89	25	30.56	1	30.56	30.48
29	51071.71	100	30.37	-1	30.43	30.36
29	51407.84	100	30.36	-1	30.42	30.35
29	51407.94	69	30.35	-1	30.42	30.35
29	51408.32	700	30.35	-1	30.42	30.35
29	51598.23	100	30.42	1	30.42	30.35
29	51795.63	100	30.36	-1	30.42	30.36
29	51795.74	100	30.36	-1	30.42	30.35
29	51795.75	100	30.36	-1	30.42	30.35
29	51914.08	71	30.36	-1	30.4	30.35
29	51914.14	200	30.35	-1	30.4	30.35
29	51914.61	100	30.35	-1	30.4	30.35
29	52138.39	100	30.35	-1	30.41	30.35
29	52138.51	100	30.35	-1	30.4	30.35
29	52141.87	62	30.4	1	30.41	30.35
29	52952.64	100	30.37	-1	30.39	30.35
29	53026.84	100	30.35	-1	30.39	30.35
29	53040.32	400	30.35	-1	30.39	30.35
29	53042.84	200	30.35	-1	30.39	30.35
29	53042.84	100	30.35	-1	30.39	30.35
29	53055.62	100	30.35	-1	30.39	30.35
29	53073.84	100	30.35	-1	30.39	30.35
29	53423.03	100	30.4	1	30.41	30.37
29	53496.55	100	30.41	1	30.5	30.39
29	53959.12	5	30.47	1	30.54	30.45
29	55522.63	100	30.47	1	30.53	30.42
29	55522.63	100	30.47	1	30.53	30.42
29	55629.06	10	30.51	1	30.52	30.5
29	55629.06	53	30.51	1	30.52	30.5
29	56061.54	100	30.54	1	30.54	30.46
29	56832.33	100	30.51	1	30.51	30.44
29	57000.19	100	30.44	-1	30.43	30.39
29	57000.19	100	30.39	-1	30.43	30.39
29	57000.45	200	30.43	1	30.43	30.38
29	57000.86	100	30.38	-1	30.43	30.37
29	57063.06	100	30.37	-1	30.42	30.37
29	57079.31	100	30.41	1	30.41	30.37
29	57343.05	99	30.44	1	30.44	30.39
29	57343.05	100	30.44	-1	30.44	30.39
29	57358.89	100	30.44	-1	30.45	30.44
29	57383.43	100	30.41	-1	30.45	30.41
29	57411.13	100	30.41	-1	30.45	30.4
29	57411.13	100	30.4	-1	30.45	30.4
29	57515.34	9	30.38	-1	30.43	30.38
29	57516.3	100	30.37	-1	30.41	30.37
29	57547.29	100	30.36	-1	30.41	30.36
29	57547.29	200	30.36	-1	30.41	30.36
29	57547.3	100	30.36	-1	30.41	30.36
29	57569.61	100	30.41	1	30.41	30.36
29	57569.64	100	30.41	1	30.41	30.36
29	57570.12	100	30.41	1	30.41	30.36
29	57571.31	100	30.36	-1	30.42	30.36
29	57590.43	19	30.42	1	30.42	30.36
29	57590.43	81	30.41	1	30.42	30.36
29	57590.96	18	30.42	1	30.42	30.37
29	57590.96	74	30.42	1	30.42	30.37
29	57590.96	8	30.42	1	30.42	30.37
29	57592.9	170	30.37	-1	30.43	30.36
30	34201.92	100	30.02	-1	30.05	30
30	34201.92	1	30.025	-1	30.05	30
30	34201.92	74	30.01	-1	30.05	30
30	34243.13	17	29.88	-1	30.05	29.72
30	34365.01	1	29.98	1	29.98	29.55
30	34545.89	1	29.88	-1	30	29.75
30	34545.89	73	29.87	-1	30	29.75
30	34545.9	50	29.87	-1	29.99	29.75
30	34611.08	100	29.99	1	30	29.78
30	35838.17	175	29.99	1	30.05	29.89
30	36067.35	156	30.02	1	30.02	30
30	36067.35	344	30.02	1	30.02	30
30	36067.43	25	30	-1	30.02	30
30	36281.08	100	30.2	1	30.2	30.04
30	36476.88	44	30.22	-1	30.22	30.21
30	36481.81	100	30.25	1	30.42	30.01
30	36745.25	100	30.25	-1	30.37	30.25
30	36897.96	100	30.35	-1	30.38	30.16
30	38132.84	44	30.52	1	30.52	30.44
30	38347.82	4	30.68	1	30.7	30.6
30	38547.35	3	30.68	1	30.69	30.6
30	40113.7	100	30.6	-1	30.7	30.59
30	40128.86	100	30.6	-1	30.61	30.6
30	40165.3	100	30.6	-1	30.63	30.6
30	40182.62	100	30.61	-1	30.63	30.6
30	40182.62	100	30.61	-1	30.63	30.6
30	40202.86	100	30.61	-1	30.63	30.59
30	40298.18	56	30.6	-1	30.7	30.59
30	40298.41	200	30.57	1	30.7	30.57
30	40298.48	200	30.51	-1	30.51	30.5
30	40305.9	100	30.39	-1	30.5	30.38
30	40756.01	100	30.47	1	30.65	30.43
30	44549.99	3	30.55	-1	30.65	30.55
30	46319.41	100	30.62	-1	30.62	30.59
30	46364.53	900	30.62	1	30.62	30.59
30	46364.79	100	30.62	1	30.65	30.59
30	46829.52	10	30.65	1	30.7	30.56
30	47142.28	93	30.68	1	30.7	30.65
30	48688.77	10	30.69	1	30.7	30.65
30	48688.77	190	30.69	-1	30.7	30.65
30	48688.77	10	30.69	1	30.7	30.65
30	50610.88	97	30.79	-1	30.8	30.77
30	50613.42	3	30.79	-1	30.8	30.77
30	50613.42	97	30.79	-1	30.8	30.77
30	50986.8	100	30.76	-1	30.87	30.76
30	51665.08	77	30.68	-1	30.82	30.68
30	52224.45	60	30.73	1	30.83	30.67
30	53814.25	200	30.81	1	30.82	30.81
30	53814.25	100	30.81	-1	30.82	30.81
30	53819.89	312	30.83	1	30.85	30.84
30	53819.9	142	30.84	1	30.85	30.84
30	53819.9	100	30.85	1	30.85	30.84
30	53819.9	200	30.84	1	30.85	30.84
30	53822.87	100	30.89	1	30.88	30.72
30	53822.88	43	30.91	-1	30.88	30.72
30	54321.34	100	30.82	-1	30.9	30.82
30	54343.5	36	30.81	-1	30.9	30.81
30	55838.41	100	30.9	1	30.9	30.82
30	55839.29	100	30.9	1	30.9	30.82
30	55950.45	100	30.92	1	30.93	30.88
30	55952.72	100	30.92	1	30.93	30.9
30	56012.29	100	30.93	1	30.93	30.88
30	56021.29	100	30.93	1	30.93	30.88
30	56080.3	500	30.95	1	31	30.92
30	56120.9	100	30.95	-1	30.99	30.93
30	57015.01	3	30.89	-1	30.93	30.84
30	57329.87	24	30.91	1	30.91	30.83
30	57344.49	77	30.86	-1	30.91	30.84
30	57346.18	24	30.91	1	30.92	30.83
30	57346.18	76	30.91	1	30.92	30.83
30	57439.55	100	30.83	-1	30.85	30.83
30	57439.59	100	30.83	-1	30.85	30.82
30	57440.05	30	30.82	-1	30.85	30.81
30	57441.1	54	30.82	-1	30.85	30.81
30	57477.43	97	30.82	1	30.85	30.81
30	57489.69	97	30.81	-1	30.85	30.81
30	57513.57	100	30.85	1	30.87	30.81
30	57529.63	18	30.88	1	30.88	30.81
30	57561.33	100	30.81	-1	30.88	30.81
30	57566.5	100	30.8	-1	30.88	30.8
30	57570.16	100	30.88	1	30.88	30.83
30	57586.06	100	30.83	-1	30.87	30.81
